-3.69531105461 -0.115703582925 -2.10242152423 -3.69531105461 -0.115703582925 -2.10242152423
4.11559908279 -0.24992211409 -0.419887519284 4.11559908279 -0.24992211409 -0.419887519284
-1.15771819703 0.262244693547 1.95766158337 -1.15771819703 0.262244693547 1.95766158337
1.6691031195 -0.22232699849 -2.97645937425 1.6691031195 -0.22232699849 -2.97645937425
-0.48696585698 -0.584298897193 1.84900820187 -0.373639449827 -0.663166772363 1.78101287086
-1.23340805952 -0.724328996354 2.77350767459 -1.23340805952 -0.724328996354 2.77350767459
-0.250707527347 -0.290087619093 0.148070195596 -0.250707527347 -0.290087619093 0.148070195596
-0.0839618889845 0.876350066198 -0.179367786351 -0.0839618889845 0.876350066198 -0.179367786351
1.78968820629 -0.0556042782736 -2.10337189519 1.78968820629 -0.0556042782736 -2.10337189519
-2.35870442773 0.091413622864 0.286658998889 -2.51889422482 0.401630884887 0.200861395455
0.65277703413 0.16839456703 -0.501599512921 1.05393690503 -0.0097939952636 -0.406927114993
-0.701698899111 0.505937156154 0.8799555334 -0.701698899111 0.505937156154 0.8799555334
0.888950556147 0.340379043394 0.685801105264 0.888950556147 0.340379043394 0.685801105264
3.32521189198 1.2039092638 2.19025682471 3.32521189198 1.2039092638 2.19025682471
0.0421818197402 0.856267248756 0.301210357025 0.0421818197402 0.856267248756 0.301210357025
0.808573281614 -0.282631439763 -3.50801265488 0.808573281614 -0.282631439763 -3.50801265488
1.02696965122 0.38569535488 -1.04442917785 1.02696965122 0.38569535488 -1.04442917785
1.5998330974 -0.0813070799058 3.60173954324 1.5998330974 -0.0813070799058 3.60173954324
-5.36531948458 0.198402180985 1.75774724717 -5.36531948458 0.198402180985 1.75774724717
0.457999882288 -0.211445277753 1.09758200531 0.457999882288 -0.211445277753 1.09758200531
0.325642165081 -0.194700508393 1.80827688617 0.325642165081 -0.194700508393 1.80827688617
-0.798945934015 0.764850380908 -1.44291214194 -0.798945934015 0.764850380908 -1.44291214194
-3.0230804913 0.232940022877 -1.91294238268 -3.34026209328 -0.25654889092 -1.56555536215
1.51123557616 -1.04285767316 0.592029991063 1.51123557616 -1.04285767316 0.592029991063
0.979311498095 0.0963165904838 0.103123422777 0.979311498095 0.0963165904838 0.103123422777
0.559482200707 1.15825101504 -2.90916318216 0.559482200707 1.15825101504 -2.90916318216
0.897345439904 0.25324687255 0.890252505193 0.897345439904 0.25324687255 0.890252505193
1.36821064753 0.432799218202 2.12879186715 1.29265708194 0.367760020656 2.17328235151
-3.38115662978 0.835014133336 -4.28844259657 -3.38115662978 0.835014133336 -4.28844259657
-4.42006858647 0.231816221592 -0.471361344075 -4.42006858647 0.231816221592 -0.471361344075
2.3024449358 -0.444430197542 0.358396423067 2.3024449358 -0.444430197542 0.358396423067
2.01161644586 0.0555521511225 -0.707793034752 2.01161644586 0.0555521511225 -0.707793034752
0.54759742067 -0.455336545355 0.568225232685 0.54759742067 -0.455336545355 0.568225232685
3.04475210291 -0.634038977086 8.39536218841 3.04475210291 -0.634038977086 8.39536218841
1.27228920617 -0.283874549393 -0.219554024062 1.27228920617 -0.283874549393 -0.219554024062
-0.375971213915 -0.126753926172 3.3623345164 -0.375971213915 -0.126753926172 3.3623345164
-0.776433513434 -1.22987989897 1.48495963485 -0.776433513434 -1.22987989897 1.48495963485
0.857188075714 -0.422434127261 -0.485156484791 0.605001363534 -0.0709700873142 -0.906896853999
2.24544882503 0.0870030861974 -0.751973261828 2.24544882503 0.0870030861974 -0.751973261828
-3.24365690088 0.314882668575 0.680350368539 -3.24365690088 0.314882668575 0.680350368539
-2.33112240378 0.14323588362 4.12925786635 -2.33112240378 0.14323588362 4.12925786635
-4.65213836594 0.382957413034 -2.89577180383 -4.65213836594 0.382957413034 -2.89577180383
-0.969100486412 -0.318372931357 -2.16340235667 -0.969100486412 -0.318372931357 -2.16340235667
-0.422035225739 -0.435126441009 0.778954469462 -0.422035225739 -0.435126441009 0.778954469462
-3.0101878384 0.030444913459 -3.18341241118 -3.0101878384 0.030444913459 -3.18341241118
-0.269848289955 -0.0422635676672 0.0396589621925 -0.640722708067 -0.180774254287 0.16557381892
-3.8665562448 -0.672988250535 0.802543344036 -3.52852021476 -0.251283090813 0.775168679948
-4.54856474421 -0.729370888428 -1.62468328012 -4.54856474421 -0.729370888428 -1.62468328012
-2.22915649098 -0.1901171981 0.100831532515 -2.22915649098 -0.1901171981 0.100831532515
3.4031842645 -0.515528654747 -1.39768234971 3.4031842645 -0.515528654747 -1.39768234971
4.16944347996 -0.357662249251 0.47781988772 4.16944347996 -0.357662249251 0.47781988772
0.993013404775 -0.91894650396 0.593854354648 0.993013404775 -0.91894650396 0.593854354648
-3.53498152952 0.954246624719 -1.02649702779 -3.53498152952 0.954246624719 -1.02649702779
1.50969161468 0.105479253135 -2.66049228912 1.2892056901 -0.0171211831175 -2.61564396205
-0.145378662595 -0.134990057158 -0.514292376012 -0.145378662595 -0.134990057158 -0.514292376012
-2.62388128783 -0.542545479532 -2.8626044545 -2.62388128783 -0.542545479532 -2.8626044545
-4.68579910739 0.245603361398 -2.72441309173 -4.68579910739 0.245603361398 -2.72441309173
3.42206075694 0.475505049234 3.35953903959 3.42206075694 0.475505049234 3.35953903959
-1.40364386545 -0.0740991855819 0.00387817041125 -0.999296965132 0.386012798251 -0.127298471208
3.54288025673 -0.763771516054 0.561514633139 3.54288025673 -0.763771516054 0.561514633139
-2.04243845156 0.238445589004 0.861414787051 -2.04243845156 0.238445589004 0.861414787051
0.995031935528 -0.0950978078472 2.74648359226 0.995031935528 -0.0950978078472 2.74648359226
-3.67439843294 0.20856355023 0.00527526348267 -3.67439843294 0.20856355023 0.00527526348267
1.64630562726 0.243089658003 -3.53887457782 1.64630562726 0.243089658003 -3.53887457782
-0.640722708067 -0.180774254287 0.16557381892 -0.54512080787 0.405416342904 -0.383993316054
-0.0701320873057 0.557745822414 1.47442174104 -0.0701320873057 0.557745822414 1.47442174104
-2.43590247816 0.655851962027 -0.149133288463 -2.43590247816 0.655851962027 -0.149133288463
0.535381156128 -0.830339943545 2.46723325043 0.535381156128 -0.830339943545 2.46723325043
-0.447477392713 -0.415372031661 -1.14800069661 -1.40364386545 -0.0740991855819 0.00387817041125
-0.785855566891 0.909077690941 -3.59356906698 -0.785855566891 0.909077690941 -3.59356906698
0.260533114062 0.193310633822 -0.762658033566 0.0512310466408 -0.401568562245 -0.796623656191
1.52226668306 0.704298701365 -1.13016066055 1.52226668306 0.704298701365 -1.13016066055
0.0798299541558 0.260253342195 -0.88460690092 -0.0373559503624 0.221166726126 -0.379683206329
-1.57583798933 -0.152112683938 -2.31635770953 -1.57583798933 -0.152112683938 -2.31635770953
-5.45554331855 0.00641779952868 -1.94416044206 -5.45554331855 0.00641779952868 -1.94416044206
-1.48813056774 0.181901716631 0.0134427403128 -0.745781716695 0.0390435613179 -0.127339199334
0.340103978438 0.0689580038486 1.42732541179 0.452234472748 -0.0123053796521 1.68972848047
-5.67911347257 0.493334445559 1.3671196863 -5.67911347257 0.493334445559 1.3671196863
-0.987578754238 0.0295937159394 5.8674258965 -0.987578754238 0.0295937159394 5.8674258965
0.360596381703 -0.278567222966 2.57325292906 0.360596381703 -0.278567222966 2.57325292906
-1.66864785878 -0.581092620598 0.945783306934 -1.66864785878 -0.581092620598 0.945783306934
2.00599421136 -0.383846344771 -2.14250078696 2.00599421136 -0.383846344771 -2.14250078696
0.975882725406 -0.204452353751 2.36833478164 0.975882725406 -0.204452353751 2.36833478164
-0.807416293312 0.696162984149 1.54116258321 -0.576839061441 0.735378673322 1.57956930339
-1.16581137974 0.0737177751726 -0.661959868871 -1.48813056774 0.181901716631 0.0134427403128
2.72895974626 0.544782496059 -0.0239369021358 2.72895974626 0.544782496059 -0.0239369021358
3.45270437191 0.899112579097 0.530456634768 3.45270437191 0.899112579097 0.530456634768
2.48439936895 0.815030173922 -1.44493679852 2.48439936895 0.815030173922 -1.44493679852
-4.12181640174 -0.748229188702 0.311289081574 -4.12181640174 -0.748229188702 0.311289081574
1.64176817585 -1.0662338024 0.345655006771 1.64176817585 -1.0662338024 0.345655006771
1.6622016129 0.0280479393073 0.712721199391 1.70408867257 0.12349045977 0.706774039914
-3.02752257712 -0.92205953751 -1.28500924224 -3.02752257712 -0.92205953751 -1.28500924224
0.919124910903 -0.319611597014 1.49629205219 0.919124910903 -0.319611597014 1.49629205219
4.27412388498 -0.0331099378766 -1.91607791971 4.27412388498 -0.0331099378766 -1.91607791971
1.75315321161 0.116671995227 6.44857979722 1.75315321161 0.116671995227 6.44857979722
-3.45945911434 1.00288685084 -3.88861932056 -3.45945911434 1.00288685084 -3.88861932056
-0.609031251646 -0.186273179408 -1.15140586043 -0.609031251646 -0.186273179408 -1.15140586043
1.66475248374 -0.388703222537 4.93652530981 1.66475248374 -0.388703222537 4.93652530981
2.88995274646 -0.559511566269 5.34666593799 2.88995274646 -0.559511566269 5.34666593799
4.7695091499 0.0373702970239 -3.02840846115 4.7695091499 0.0373702970239 -3.02840846115
-0.0829345421829 0.549432978267 0.704572874563 -0.0829345421829 0.549432978267 0.704572874563
3.36214476899 -0.336116176908 -1.29225543776 3.36214476899 -0.336116176908 -1.29225543776
1.60643771792 0.18489025049 -0.670551618389 1.60643771792 0.18489025049 -0.670551618389
0.339659724055 -0.27283319919 -3.6225776144 0.339659724055 -0.27283319919 -3.6225776144
0.399899159242 0.188360430077 1.19078075895 0.399899159242 0.188360430077 1.19078075895
4.79208149412 -0.1251690483 1.37601061443 4.79208149412 -0.1251690483 1.37601061443
2.65080625243 -0.22492576659 1.17542679945 2.65080625243 -0.22492576659 1.17542679945
1.31953215612 -0.575032872804 0.214581132526 1.31953215612 -0.575032872804 0.214581132526
1.75964491932 0.26079353947 2.17832966046 1.75964491932 0.26079353947 2.17832966046
-4.52925568403 -0.650466100559 -0.809467471962 -4.52925568403 -0.650466100559 -0.809467471962
-3.21882926696 -0.225712774601 -1.98638666098 -3.21882926696 -0.225712774601 -1.98638666098
-1.97140409933 0.384401706344 -0.565615093427 -1.97140409933 0.384401706344 -0.565615093427
0.185393534774 0.211915840321 2.1263105023 0.185393534774 0.211915840321 2.1263105023
0.245067586912 -0.807974542949 2.1392013912 0.245067586912 -0.807974542949 2.1392013912
0.0850106413419 -0.206972563436 1.08288109753 0.0850106413419 -0.206972563436 1.08288109753
-8.04051009968 0.543574390474 -3.19729153819 -8.04051009968 0.543574390474 -3.19729153819
-1.8512943372 -0.340575299315 -0.36475603228 -1.8512943372 -0.340575299315 -0.36475603228
-0.414355635608 -0.289540789235 -1.19545364294 -0.414355635608 -0.289540789235 -1.19545364294
-2.59076882048 0.283648752647 0.0744645969625 -2.59076882048 0.283648752647 0.0744645969625
-0.689783719465 0.956384202048 0.391148724813 -0.689783719465 0.956384202048 0.391148724813
0.496303149808 0.0340017789678 -0.780810496835 0.496303149808 0.0340017789678 -0.780810496835
2.21665112882 0.211005817122 -2.02421019867 2.21665112882 0.211005817122 -2.02421019867
-5.08950275043 0.344890418347 2.47168081761 -5.08950275043 0.344890418347 2.47168081761
-1.27011388061 0.531081128803 -1.22936346245 -1.08887873777 0.18481637672 -1.2044384589
1.38139427232 -0.900570846628 1.31957875549 1.38139427232 -0.900570846628 1.31957875549
-4.80415268416 0.547567481166 1.7711771369 -4.80415268416 0.547567481166 1.7711771369
0.458954226109 -1.15150630571 0.0476850045166 0.458954226109 -1.15150630571 0.0476850045166
1.10569681185 0.185856754233 1.91843322506 1.42447476255 0.280803925507 1.79052256617
-2.33000266901 0.415559287191 -5.39512975819 -2.33000266901 0.415559287191 -5.39512975819
0.676023303915 0.713183924276 -2.88540279759 0.676023303915 0.713183924276 -2.88540279759
-0.988484289456 0.194860432802 0.951594308504 -1.0105459117 0.0355054501902 0.937439885175
0.147005786172 0.628292879014 1.40675927772 0.147005786172 0.628292879014 1.40675927772
2.38922791406 0.0161708390198 2.4260816101 2.38922791406 0.0161708390198 2.4260816101
0.949398066672 0.25526706142 -2.48228130977 0.630381982747 0.344725786318 -2.10129055334
-5.05005373744 -0.816114102302 -3.53960505721 -5.05005373744 -0.816114102302 -3.53960505721
1.58927556891 0.578521287823 4.11184908388 1.58927556891 0.578521287823 4.11184908388
1.05393690503 -0.0097939952636 -0.406927114993 1.12827380519 -0.0721874771386 -0.725161812617
0.146929309114 -0.936634263536 0.203503293237 0.146929309114 -0.936634263536 0.203503293237
-4.36834719179 -0.187862349803 1.42612884733 -4.36834719179 -0.187862349803 1.42612884733
1.47186464983 0.162188233423 -0.443052276552 1.47186464983 0.162188233423 -0.443052276552
3.43397612401 -0.312294477643 0.69329756688 3.43397612401 -0.312294477643 0.69329756688
-0.392167581478 0.573130864062 0.0052686931822 -0.392167581478 0.573130864062 0.0052686931822
-2.55868581545 -0.30232955883 -0.655586140182 -2.55868581545 -0.30232955883 -0.655586140182
-0.180072482045 0.0947205641957 -4.18929001459 -0.180072482045 0.0947205641957 -4.18929001459
-2.70273130632 -0.352299049312 -5.10897247892 -2.70273130632 -0.352299049312 -5.10897247892
-0.747503209072 1.06482488899 4.20791204027 -0.747503209072 1.06482488899 4.20791204027
0.278357598749 -0.217628571064 -3.7357153748 0.278357598749 -0.217628571064 -3.7357153748
-2.22676533186 0.524208570527 -4.2295112125 -2.22676533186 0.524208570527 -4.2295112125
-1.09788007806 -0.620306132688 0.288847863208 -1.09788007806 -0.620306132688 0.288847863208
-0.30961128839 1.19990717193 -2.19337986527 -0.30961128839 1.19990717193 -2.19337986527
3.13668010049 0.119983544027 0.903323228747 3.13668010049 0.119983544027 0.903323228747
0.468986518518 0.242237585301 0.344920201093 0.468986518518 0.242237585301 0.344920201093
-3.16237486621 1.14955363714 3.56710503864 -3.16237486621 1.14955363714 3.56710503864
-0.966720867789 0.29838357293 -0.330749310065 -1.01772191906 0.576439194338 -0.0421479047597
0.546398178987 -0.186917145807 0.5295672613 0.546398178987 -0.186917145807 0.5295672613
1.95591843895 0.105022981612 -3.21218849121 1.95591843895 0.105022981612 -3.21218849121
1.07053209113 -0.0342628625796 3.90948543983 1.07053209113 -0.0342628625796 3.90948543983
0.581772882252 -1.69651424448 -0.691481323764 0.581772882252 -1.69651424448 -0.691481323764
-0.353366428095 0.179531352642 -1.68338040397 -0.840144649217 0.0794328810413 -1.94937697407
1.76754412829 -0.920035726819 3.16498477358 1.76754412829 -0.920035726819 3.16498477358
-1.16523856696 0.241507196301 -5.63983514995 -1.16523856696 0.241507196301 -5.63983514995
-4.12132639426 0.221617348864 -0.557375379469 -4.12132639426 0.221617348864 -0.557375379469
1.33805205941 -0.469189929898 3.07502510547 1.33805205941 -0.469189929898 3.07502510547
-1.06855179875 0.327298668224 -0.389667375957 -0.877490596325 0.112760543619 -0.512675542018
-0.669151707247 0.389524816982 3.76333172861 -0.669151707247 0.389524816982 3.76333172861
4.40687451922 -0.0709221547153 3.30240176158 4.40687451922 -0.0709221547153 3.30240176158
-2.87765503021 -0.0110100557597 0.2678833956 -2.87765503021 -0.0110100557597 0.2678833956
4.15012485992 0.627569049745 2.90704673234 4.15012485992 0.627569049745 2.90704673234
1.18187804368 -0.372197771366 4.61813255726 1.18187804368 -0.372197771366 4.61813255726
-3.52852021476 -0.251283090813 0.775168679948 -3.8665562448 -0.672988250535 0.802543344036
-7.66937350411 0.147266362372 -0.518917161695 -7.66937350411 0.147266362372 -0.518917161695
1.64752501527 -0.710744716078 -0.228228865812 1.53581705798 -0.433223727098 -0.0201142930622
1.17273156177 -0.332410016045 3.0205199553 1.17273156177 -0.332410016045 3.0205199553
3.70543482392 0.0320334324571 0.755361180148 3.70543482392 0.0320334324571 0.755361180148
-0.508472915139 0.544045174527 -1.74500220663 -0.508472915139 0.544045174527 -1.74500220663
1.95656683476 -0.163443216249 3.84168067516 1.95656683476 -0.163443216249 3.84168067516
-0.877589827347 -0.850348489521 1.53124202214 -0.877589827347 -0.850348489521 1.53124202214
-0.0281886602143 0.309441657188 3.92712013967 -0.0281886602143 0.309441657188 3.92712013967
-1.90034224954 0.344101154874 -0.0955714383482 -1.90034224954 0.344101154874 -0.0955714383482
-3.75431081613 -0.119644288313 -3.81514804109 -3.75431081613 -0.119644288313 -3.81514804109
5.11644718991 0.296910792082 1.10761093558 5.11644718991 0.296910792082 1.10761093558
-4.81204674234 0.172520715149 8.96565241457 -4.81204674234 0.172520715149 8.96565241457
2.44794023153 0.730796508774 -0.246916416646 2.44794023153 0.730796508774 -0.246916416646
4.8072910716 0.923024999603 -4.00167834602 4.8072910716 0.923024999603 -4.00167834602
-0.396999749159 -0.388555841256 0.00931930512773 -0.396999749159 -0.388555841256 0.00931930512773
-1.89835327899 0.282050549365 1.85529247405 -1.89835327899 0.282050549365 1.85529247405
-2.51889422482 0.401630884887 0.200861395455 -2.35870442773 0.091413622864 0.286658998889
-1.25803306116 0.11737801138 3.01992848841 -1.19834594011 0.631482006813 2.6168648387
-0.419953432198 -0.193300580001 1.91488106388 -0.419953432198 -0.193300580001 1.91488106388
1.46040862519 -0.209402208752 -0.762729665351 1.46040862519 -0.209402208752 -0.762729665351
2.64252182337 -0.445198197678 -0.601703959871 2.64252182337 -0.445198197678 -0.601703959871
1.88736583622 -0.264535702827 -0.154812183579 1.88736583622 -0.264535702827 -0.154812183579
0.189470022806 0.015437112527 -1.35430280322 -0.447477392713 -0.415372031661 -1.14800069661
-1.19834594011 0.631482006813 2.6168648387 -1.25803306116 0.11737801138 3.01992848841
-5.63041294549 -0.0415116579547 1.94859010723 -5.63041294549 -0.0415116579547 1.94859010723
-6.0671300508 0.368235556761 2.04057743676 -6.0671300508 0.368235556761 2.04057743676
-0.858494744922 -0.255716300278 -5.10244323111 -0.858494744922 -0.255716300278 -5.10244323111
4.83780620884 -0.361999812577 2.71676654677 4.83780620884 -0.361999812577 2.71676654677
3.35557671374 0.12910380575 -2.30266308809 3.35557671374 0.12910380575 -2.30266308809
-0.107058905883 -0.509033019008 1.26370069138 0.335430994686 -0.602393531155 1.56318056888
-0.0475116755045 -0.054756599906 -1.08200422111 -0.0475116755045 -0.054756599906 -1.08200422111
0.0764108208935 0.697571045472 -0.700437849919 0.0764108208935 0.697571045472 -0.700437849919
2.83688209723 0.48801926606 -4.55824184181 2.83688209723 0.48801926606 -4.55824184181
4.30398461844 -0.185759646168 3.85585708077 4.30398461844 -0.185759646168 3.85585708077
0.0839811059302 -0.0212945389925 0.670719720243 0.0839811059302 -0.0212945389925 0.670719720243
-1.22561915373 0.464209687154 -0.948901658578 -1.22561915373 0.464209687154 -0.948901658578
4.32853947914 0.518917705853 0.648786245159 4.32853947914 0.518917705853 0.648786245159
1.72031930243 0.900636797561 -1.06997294946 1.72031930243 0.900636797561 -1.06997294946
-1.07942733969 -0.551473273282 -2.64819576457 -1.07942733969 -0.551473273282 -2.64819576457
0.685318927072 0.0400790652141 -1.56925036432 0.685318927072 0.0400790652141 -1.56925036432
0.139215634885 -0.118902187966 -3.89168542029 0.139215634885 -0.118902187966 -3.89168542029
1.80076993859 -0.579406339859 -1.98280592318 1.80076993859 -0.579406339859 -1.98280592318
0.61443260404 0.6606308013 -2.0852019482 0.949398066672 0.25526706142 -2.48228130977
-0.840144649217 0.0794328810413 -1.94937697407 -0.908735042746 0.188855848766 -1.75755580734
0.38763015496 -0.840701942394 1.09384847669 0.320948239954 -0.713847736266 1.35671081819
1.6422699005 0.379344592602 -0.589911457168 1.6422699005 0.379344592602 -0.589911457168
-1.87824448902 -0.0511009399083 -3.31175913903 -1.87824448902 -0.0511009399083 -3.31175913903
-4.13331258007 -0.484376443475 0.854127455516 -4.13331258007 -0.484376443475 0.854127455516
1.14026295099 0.387086981659 2.41654639995 1.14026295099 0.387086981659 2.41654639995
-0.430667954621 0.520307028568 -1.39594081465 -0.430667954621 0.520307028568 -1.39594081465
-1.16120784798 -0.417779465831 0.183923966053 -1.16120784798 -0.417779465831 0.183923966053
0.915279832324 0.49391706279 5.27302362902 0.915279832324 0.49391706279 5.27302362902
-4.77595964648 -0.297046557172 -2.62591605727 -4.77595964648 -0.297046557172 -2.62591605727
-0.136421096095 0.905187569404 1.48631789721 -0.136421096095 0.905187569404 1.48631789721
3.20633659731 -0.135489184483 -5.91014856194 3.20633659731 -0.135489184483 -5.91014856194
-1.75318817333 0.461448245727 1.88794108604 -1.75318817333 0.461448245727 1.88794108604
-0.18565604985 -0.724668807091 -4.59353232994 -0.18565604985 -0.724668807091 -4.59353232994
3.70040652762 1.14277596548 -1.518491793 3.70040652762 1.14277596548 -1.518491793
-3.81773825842 0.914780417834 1.00516436435 -3.81773825842 0.914780417834 1.00516436435
0.488297298449 -0.0728972967087 -1.55331881617 0.741976012256 0.194999632919 -0.888380141999
-2.15407142964 -0.233870807908 1.30688805041 -2.15407142964 -0.233870807908 1.30688805041
2.17989416806 -1.11661591785 -1.09359023374 2.17989416806 -1.11661591785 -1.09359023374
2.78995676631 0.734231494055 6.7699699863 2.78995676631 0.734231494055 6.7699699863
-1.30169479472 0.0549876807135 -2.25937794642 -1.30169479472 0.0549876807135 -2.25937794642
-1.21853137992 0.382126618067 -0.20125118218 -1.21853137992 0.382126618067 -0.20125118218
-2.97536250173 0.153189192716 1.17803925262 -2.98035816828 0.280609299932 1.22164965984
1.49879481568 0.723704718832 -1.17669223161 1.49879481568 0.723704718832 -1.17669223161
1.51387683154 -0.59267785249 1.22696907346 1.51387683154 -0.59267785249 1.22696907346
0.825958805697 -0.221505672806 -1.90447574454 0.825958805697 -0.221505672806 -1.90447574454
0.729162239509 -0.240333720654 -0.684693333453 0.504992336503 -0.112408760525 -0.507804510934
-0.890013612158 -0.0643281229949 0.402207823623 -0.890013612158 -0.0643281229949 0.402207823623
2.58067525776 -0.210705028272 -4.9230524852 2.58067525776 -0.210705028272 -4.9230524852
1.41890319718 -0.766135362013 4.87096201901 1.41890319718 -0.766135362013 4.87096201901
2.22658349236 0.281461087693 -1.46894530319 2.22658349236 0.281461087693 -1.46894530319
-1.56363186479 -0.49960018872 3.66232358184 -1.56363186479 -0.49960018872 3.66232358184
-2.7202049891 0.21233094002 1.27220697618 -2.97536250173 0.153189192716 1.17803925262
-1.9285860162 -0.407208607169 0.934605992552 -1.9285860162 -0.407208607169 0.934605992552
-2.8537077642 0.715640257173 -3.4782117497 -2.8537077642 0.715640257173 -3.4782117497
2.6665478666 0.390435017007 -0.241345650678 2.6665478666 0.390435017007 -0.241345650678
1.3454176376 -0.522641112518 -0.169229824086 1.3454176376 -0.522641112518 -0.169229824086
-0.647412239229 -0.0566306504982 -1.46595164733 -0.647412239229 -0.0566306504982 -1.46595164733
0.0512310466408 -0.401568562245 -0.796623656191 0.0798299541558 0.260253342195 -0.88460690092
-1.13180256642 0.179185785126 -1.07285408293 -1.13180256642 0.179185785126 -1.07285408293
-0.267285544475 0.0534273729714 1.93940780317 -0.267285544475 0.0534273729714 1.93940780317
-1.98153324657 0.674175373709 0.91923854453 -1.98153324657 0.674175373709 0.91923854453
4.23232493441 0.25613170072 2.15866301435 4.23232493441 0.25613170072 2.15866301435
2.65238780513 1.04056963857 -0.676299934568 2.65238780513 1.04056963857 -0.676299934568
0.127938386041 -0.389908329461 1.86144315133 0.127938386041 -0.389908329461 1.86144315133
-1.08887873777 0.18481637672 -1.2044384589 -1.27011388061 0.531081128803 -1.22936346245
-1.0105459117 0.0355054501902 0.937439885175 -0.988484289456 0.194860432802 0.951594308504
0.630381982747 0.344725786318 -2.10129055334 0.61443260404 0.6606308013 -2.0852019482
-1.32269679986 0.171162923396 3.29843621975 -1.32269679986 0.171162923396 3.29843621975
-1.34587414908 -0.375139028972 -2.3280952639 -1.34587414908 -0.375139028972 -2.3280952639
1.41450229475 0.17154258149 0.721069726543 1.41450229475 0.17154258149 0.721069726543
7.77472160096 1.37790626627 2.18924326474 7.77472160096 1.37790626627 2.18924326474
0.613530459467 0.139344803345 -1.54588121345 0.613530459467 0.139344803345 -1.54588121345
-3.34026209328 -0.25654889092 -1.56555536215 -3.0230804913 0.232940022877 -1.91294238268
3.02775762771 -0.601121071661 1.43683189356 3.02775762771 -0.601121071661 1.43683189356
-1.40875787236 0.326553658136 -2.42111350923 -1.40875787236 0.326553658136 -2.42111350923
-0.32615403979 -0.0892042631602 4.42461288677 -0.32615403979 -0.0892042631602 4.42461288677
0.256474351287 0.577872552299 -3.38767874254 0.256474351287 0.577872552299 -3.38767874254
-3.64559264277 -0.597769942405 0.240714185762 -3.64559264277 -0.597769942405 0.240714185762
-0.221922572014 0.0590858347339 1.34308949615 -0.221922572014 0.0590858347339 1.34308949615
0.605001363534 -0.0709700873142 -0.906896853999 0.36337055046 0.439780842699 -0.624094925621
-2.53006362695 0.350382097151 -0.554459194819 -2.53006362695 0.350382097151 -0.554459194819
-0.0319940865937 0.742792361313 -1.39712565065 -0.0319940865937 0.742792361313 -1.39712565065
1.37673089635 0.635192261765 1.29670207048 1.37673089635 0.635192261765 1.29670207048
3.42668726341 0.00891987344272 2.81970540171 3.42668726341 0.00891987344272 2.81970540171
2.52256010357 -0.113162147542 -1.37202285175 2.52256010357 -0.113162147542 -1.37202285175
-3.42262935824 0.270645195965 -0.268655799333 -3.42262935824 0.270645195965 -0.268655799333
-2.26272124773 0.607503047326 -2.052665891 -2.26272124773 0.607503047326 -2.052665891
2.02996714362 -0.462699472724 3.05730194361 2.02996714362 -0.462699472724 3.05730194361
-0.426901149328 0.368009376778 0.268165473461 -0.567786150606 -0.117618548552 0.222203854101
2.9809432754 -0.0508371379198 1.59433831952 2.9809432754 -0.0508371379198 1.59433831952
1.37042649556 -0.200362787165 0.28327631245 1.37042649556 -0.200362787165 0.28327631245
2.4939376778 0.337987983636 1.72682176705 2.4939376778 0.337987983636 1.72682176705
-0.908735042746 0.188855848766 -1.75755580734 -0.610828440913 0.292674155826 -1.76479560212
-0.66496889462 -0.295344921616 -5.89836854697 -0.66496889462 -0.295344921616 -5.89836854697
-1.65660571139 0.332082535117 -0.324156695913 -1.65660571139 0.332082535117 -0.324156695913
4.5301172957 0.371488185561 0.606081498046 4.5301172957 0.371488185561 0.606081498046
-0.516623875512 -0.176022622563 -0.474044643026 -0.281281377053 -0.414697798063 -0.572686575885
-0.393212509102 0.24357905636 0.213277033349 -0.393212509102 0.24357905636 0.213277033349
2.06375079444 -0.164289597551 2.40087168445 2.06375079444 -0.164289597551 2.40087168445
0.2827041923 0.527379012627 -3.08206635317 0.2827041923 0.527379012627 -3.08206635317
-4.15623896844 -1.1220702605 3.78226662476 -4.15623896844 -1.1220702605 3.78226662476
1.10761107972 0.0874539189033 2.04562495952 1.10761107972 0.0874539189033 2.04562495952
-1.14059751822 0.426323110453 -0.675638864485 -1.06855179875 0.327298668224 -0.389667375957
-2.92109235672 0.287666417598 -3.4251979045 -2.92109235672 0.287666417598 -3.4251979045
-1.07699233635 0.372624767371 -1.76034286627 -0.353366428095 0.179531352642 -1.68338040397
-0.0373559503624 0.221166726126 -0.379683206329 -0.174314169323 0.308254052454 -0.836784441353
0.963859875233 0.0398919712567 -4.44117490994 0.963859875233 0.0398919712567 -4.44117490994
-1.34535971963 -0.72192695131 -4.75019111279 -1.34535971963 -0.72192695131 -4.75019111279
1.369420677 -1.11154603053 4.25188816706 1.369420677 -1.11154603053 4.25188816706
-1.06843601142 -0.197149435697 -3.54680430037 -1.06843601142 -0.197149435697 -3.54680430037
-0.0229268159604 -0.724910328769 -0.795278455627 -0.0229268159604 -0.724910328769 -0.795278455627
1.23118255147 -0.35289003471 -2.10589835011 1.23118255147 -0.35289003471 -2.10589835011
0.320948239954 -0.713847736266 1.35671081819 0.340103978438 0.0689580038486 1.42732541179
-1.54657867535 0.366438366168 -2.04074753631 -1.51999520028 0.212977427101 -1.83292973012
-2.89491539544 -1.51477575163 0.0874307606251 -2.89491539544 -1.51477575163 0.0874307606251
-0.54512080787 0.405416342904 -0.383993316054 -0.252440471373 0.268780820274 -0.730038816112
-3.97524033545 -0.579620884001 4.93297170233 -3.97524033545 -0.579620884001 4.93297170233
4.56326276596 -0.11710361468 -0.460656199996 4.56326276596 -0.11710361468 -0.460656199996
-1.27664820674 1.31591719864 1.7677611824 -1.27664820674 1.31591719864 1.7677611824
2.03800871405 1.18946287216 2.55615469464 2.03800871405 1.18946287216 2.55615469464
0.420174985192 -0.730766117295 0.662070894709 0.420174985192 -0.730766117295 0.662070894709
3.72262542562 -0.146006956274 -0.311880980583 3.72262542562 -0.146006956274 -0.311880980583
-1.58662738061 -0.00638988568412 3.84453897973 -1.58662738061 -0.00638988568412 3.84453897973
0.129149738941 -0.986161905417 3.14501594127 0.129149738941 -0.986161905417 3.14501594127
-0.732005716869 0.0411684998585 2.97456733203 -0.732005716869 0.0411684998585 2.97456733203
1.85849906368 -0.926307894469 4.85512260694 1.85849906368 -0.926307894469 4.85512260694
0.511539970257 -0.219524607641 0.998463643757 0.511539970257 -0.219524607641 0.998463643757
1.68563466772 -0.493092606601 0.0374552864235 1.95029171563 -0.151124943713 0.174971036249
-4.88607559225 0.205231023517 1.14591809598 -4.88607559225 0.205231023517 1.14591809598
-1.01772191906 0.576439194338 -0.0421479047597 -0.966720867789 0.29838357293 -0.330749310065
-2.01761655948 0.954375109055 0.868805871296 -2.01761655948 0.954375109055 0.868805871296
0.973621508978 0.134808956009 2.44363490863 0.973621508978 0.134808956009 2.44363490863
1.21316427966 0.324157674961 -0.0272190965888 1.21316427966 0.324157674961 -0.0272190965888
1.87896652162 0.42525977945 0.303533335089 1.87896652162 0.42525977945 0.303533335089
1.79387955697 -0.312331186696 3.71335578341 1.79387955697 -0.312331186696 3.71335578341
-5.9680062901 0.141804576723 -3.52777922971 -5.9680062901 0.141804576723 -3.52777922971
-1.04297412249 -0.77805222023 -2.16338987911 -1.04297412249 -0.77805222023 -2.16338987911
-4.8125233925 -0.553212196913 -0.377524141678 -4.8125233925 -0.553212196913 -0.377524141678
-2.57585716129 -0.0416932112408 1.87396625624 -2.57585716129 -0.0416932112408 1.87396625624
-2.26515228801 0.843787230595 3.79560152453 -2.26515228801 0.843787230595 3.79560152453
3.83047084896 -0.26271802903 2.0116829287 3.83047084896 -0.26271802903 2.0116829287
-4.34677193134 -0.201332359248 -1.59448407557 -4.34677193134 -0.201332359248 -1.59448407557
-3.29877669584 0.148233625007 2.34613783387 -3.29877669584 0.148233625007 2.34613783387
-0.745781716695 0.0390435613179 -0.127339199334 -1.16581137974 0.0737177751726 -0.661959868871
2.50074082804 -0.143110395887 0.761946497405 2.50074082804 -0.143110395887 0.761946497405
-1.56993546214 0.907789280678 1.3370550968 -1.56993546214 0.907789280678 1.3370550968
-1.66348090336 -0.237007666037 7.52407715264 -1.66348090336 -0.237007666037 7.52407715264
0.741976012256 0.194999632919 -0.888380141999 0.488297298449 -0.0728972967087 -1.55331881617
-0.087033579215 -0.0684173442851 -0.417611305422 0.260533114062 0.193310633822 -0.762658033566
0.491775238662 -0.348386039026 -1.48551690186 0.491775238662 -0.348386039026 -1.48551690186
-1.39821289418 -0.297791888749 1.43322485056 -1.39821289418 -0.297791888749 1.43322485056
-2.56421473319 0.944013955605 -3.17933418068 -2.56421473319 0.944013955605 -3.17933418068
3.31625954835 0.286242451405 -0.499573447837 3.31625954835 0.286242451405 -0.499573447837
-0.567786150606 -0.117618548552 0.222203854101 -0.269848289955 -0.0422635676672 0.0396589621925
2.27686611533 0.185178340647 -1.60091623381 2.27686611533 0.185178340647 -1.60091623381
3.96267416168 0.202780855084 -0.710031437154 3.96267416168 0.202780855084 -0.710031437154
-0.539614831721 0.122029556419 3.14076348536 -0.539614831721 0.122029556419 3.14076348536
1.53707612388 0.668622647448 0.396089806124 1.53707612388 0.668622647448 0.396089806124
-5.55036993979 -0.357792100303 -3.66519921376 -5.55036993979 -0.357792100303 -3.66519921376
0.532424897832 0.12252920088 -0.839868470896 0.532424897832 0.12252920088 -0.839868470896
2.2648647562 -0.49746326106 1.79076606991 2.2648647562 -0.49746326106 1.79076606991
1.62353201569 0.086340591132 1.95200412127 1.62353201569 0.086340591132 1.95200412127
5.63232186624 0.301560896503 -0.357875258051 5.63232186624 0.301560896503 -0.357875258051
0.621816997564 0.694211558537 -1.66304807406 0.621816997564 0.694211558537 -1.66304807406
1.95029171563 -0.151124943713 0.174971036249 1.68563466772 -0.493092606601 0.0374552864235
-0.206361308978 -0.335815726359 -0.233490892269 -0.206361308978 -0.335815726359 -0.233490892269
1.20313289936 0.109760556389 -3.82517037592 1.20313289936 0.109760556389 -3.82517037592
4.12714565421 0.490087143057 0.630182279206 4.12714565421 0.490087143057 0.630182279206
3.14666221976 0.132361298965 0.31068418601 3.14666221976 0.132361298965 0.31068418601
0.694847484723 0.59968302456 -1.22216157071 0.694847484723 0.59968302456 -1.22216157071
-0.9658111069 0.439351306547 2.56954647785 -0.9658111069 0.439351306547 2.56954647785
1.82793578195 -0.0424065629092 1.1793273085 1.82793578195 -0.0424065629092 1.1793273085
-2.14460506132 -0.806764602698 -4.5685727806 -2.14460506132 -0.806764602698 -4.5685727806
4.26683366092 0.738431730385 0.571758539044 4.26683366092 0.738431730385 0.571758539044
0.36337055046 0.439780842699 -0.624094925621 0.65277703413 0.16839456703 -0.501599512921
-2.4616219752 0.522935791082 -1.17092740383 -2.4616219752 0.522935791082 -1.17092740383
1.29265708194 0.367760020656 2.17328235151 1.10569681185 0.185856754233 1.91843322506
1.69861559151 -0.441770280593 -0.146293746339 1.69861559151 -0.441770280593 -0.146293746339
1.46379003745 0.584164800504 -0.649987103697 1.46379003745 0.584164800504 -0.649987103697
0.32411041037 -0.103591828665 -0.0311029185925 0.32411041037 -0.103591828665 -0.0311029185925
-1.51999520028 0.212977427101 -1.83292973012 -1.54657867535 0.366438366168 -2.04074753631
3.02002292923 -0.404420831373 1.76936526722 3.02002292923 -0.404420831373 1.76936526722
1.36547339657 0.214776198981 -2.65984693417 1.36547339657 0.214776198981 -2.65984693417
2.86960797684 -0.26853036217 -2.02980935849 2.86960797684 -0.26853036217 -2.02980935849
1.33935769713 0.233632088682 3.89515511376 1.33935769713 0.233632088682 3.89515511376
-2.75868962352 -0.919473341885 4.41176072434 -2.75868962352 -0.919473341885 4.41176072434
-0.143180625983 1.13963515044 -0.586406594953 -0.143180625983 1.13963515044 -0.586406594953
1.2892056901 -0.0171211831175 -2.61564396205 1.50969161468 0.105479253135 -2.66049228912
-1.78861843692 0.212043333176 -2.43562414516 -1.78861843692 0.212043333176 -2.43562414516
2.76123300957 -0.228122366875 -2.78764260163 2.76123300957 -0.228122366875 -2.78764260163
1.65671788176 0.0562786562139 -2.63094582466 1.65671788176 0.0562786562139 -2.63094582466
2.18740340361 0.33550713673 -2.14354937007 2.18740340361 0.33550713673 -2.14354937007
-2.73969253952 0.366056700136 0.789007489692 -2.73969253952 0.366056700136 0.789007489692
-5.35718989709 0.526022387018 -1.15272340037 -5.35718989709 0.526022387018 -1.15272340037
3.75397410464 -0.721264136981 -2.29962953929 3.75397410464 -0.721264136981 -2.29962953929
-0.877490596325 0.112760543619 -0.512675542018 -1.14059751822 0.426323110453 -0.675638864485
-0.565293113614 0.209316024227 -2.83838505665 -0.565293113614 0.209316024227 -2.83838505665
0.344566831011 -0.124619435862 1.52092185528 -0.107058905883 -0.509033019008 1.26370069138
-0.610828440913 0.292674155826 -1.76479560212 -1.07699233635 0.372624767371 -1.76034286627
-0.752852069588 -1.43565661341 3.62915384082 -0.752852069588 -1.43565661341 3.62915384082
0.40892304896 -0.489915523572 0.741373642352 0.40892304896 -0.489915523572 0.741373642352
-1.22931957256 0.68608725997 1.23725833412 -1.22931957256 0.68608725997 1.23725833412
-2.3079723724 -0.837749444133 -2.73871657484 -2.3079723724 -0.837749444133 -2.73871657484
-1.00412924222 -0.622951277898 2.83615408189 -1.00412924222 -0.622951277898 2.83615408189
-0.483088047896 0.647977572879 3.13103100524 -0.483088047896 0.647977572879 3.13103100524
0.504992336503 -0.112408760525 -0.507804510934 0.189470022806 0.015437112527 -1.35430280322
1.05984551963 -0.707693080109 4.15399419603 1.05984551963 -0.707693080109 4.15399419603
2.28473291213 0.567307182834 -1.78557169894 2.28473291213 0.567307182834 -1.78557169894
-2.19063843066 -0.218881227867 2.20921540248 -2.19063843066 -0.218881227867 2.20921540248
1.70408867257 0.12349045977 0.706774039914 1.6622016129 0.0280479393073 0.712721199391
3.58030911584 -0.388140126084 0.298261396711 3.58030911584 -0.388140126084 0.298261396711
1.53581705798 -0.433223727098 -0.0201142930622 1.64752501527 -0.710744716078 -0.228228865812
2.88643323279 0.154378660423 -3.88305438825 2.88643323279 0.154378660423 -3.88305438825
4.70814226194 1.32083576177 -0.627340209025 4.70814226194 1.32083576177 -0.627340209025
-0.174314169323 0.308254052454 -0.836784441353 -0.087033579215 -0.0684173442851 -0.417611305422
-1.28223299809 -0.38380401263 -0.116927580947 -1.23065773506 -0.372860158969 -0.112557722275
-4.61057838475 -0.155442839741 0.583201045431 -4.61057838475 -0.155442839741 0.583201045431
0.774381272629 -0.0491318489519 3.86302415774 0.774381272629 -0.0491318489519 3.86302415774
1.48542425393 -0.170441540834 0.965658053252 1.48542425393 -0.170441540834 0.965658053252
4.98868237185 -0.580978061422 0.412499669036 4.98868237185 -0.580978061422 0.412499669036
0.335430994686 -0.602393531155 1.56318056888 0.38763015496 -0.840701942394 1.09384847669
1.16550521377 0.304911560045 1.35486571056 1.16550521377 0.304911560045 1.35486571056
3.40082694346 -1.10183920916 0.0693512992108 3.40082694346 -1.10183920916 0.0693512992108
1.97133364746 -0.207325665909 -1.93323538798 1.97133364746 -0.207325665909 -1.93323538798
1.12476861096 0.0341010637 2.6570031396 1.12476861096 0.0341010637 2.6570031396
-1.25741178449 -0.140957873056 -0.146471009403 -1.40937738697 0.0211278906261 -0.0968741667443
0.245326343548 0.295148993528 1.8471905286 0.245326343548 0.295148993528 1.8471905286
-0.999296965132 0.386012798251 -0.127298471208 -0.516623875512 -0.176022622563 -0.474044643026
-1.69543371307 -0.108436791499 -2.26847511719 -1.69543371307 -0.108436791499 -2.26847511719
2.36290457906 -0.41257099581 1.17612976742 2.36290457906 -0.41257099581 1.17612976742
-3.4485715563 0.712531520589 -1.32499342314 -3.4485715563 0.712531520589 -1.32499342314
-2.92057331518 0.107807196902 1.03487562015 -2.92057331518 0.107807196902 1.03487562015
1.94677833837 -0.500846398594 2.85499941651 1.94677833837 -0.500846398594 2.85499941651
-3.66992242703 -0.56619253249 -0.194728892455 -3.66992242703 -0.56619253249 -0.194728892455
-1.23425987941 0.392353121755 -1.52629435174 -1.23425987941 0.392353121755 -1.52629435174
2.27242858414 0.0774425367344 0.496078031036 2.27242858414 0.0774425367344 0.496078031036
-0.880637903791 0.433191016783 1.24689890623 -0.880637903791 0.433191016783 1.24689890623
-0.0739069110011 0.369267525079 1.48929013718 -0.0739069110011 0.369267525079 1.48929013718
-0.207937565843 -0.494023390018 0.158212995005 -0.207937565843 -0.494023390018 0.158212995005
0.2458491555 0.719597908473 1.11452868201 0.2458491555 0.719597908473 1.11452868201
2.52937439415 0.357075532835 0.896527460353 2.52937439415 0.357075532835 0.896527460353
-3.30365066399 0.689858143102 -3.27469067958 -3.30365066399 0.689858143102 -3.27469067958
-0.0229141474451 0.0822760538777 -4.13873665968 -0.0229141474451 0.0822760538777 -4.13873665968
-0.0870781518819 -0.848193317244 -0.0341424104922 -0.0870781518819 -0.848193317244 -0.0341424104922
-1.813619905 0.439860371543 1.59083891059 -1.813619905 0.439860371543 1.59083891059
-0.0688904170834 -0.456406127705 3.42286544784 -0.0688904170834 -0.456406127705 3.42286544784
-1.40937738697 0.0211278906261 -0.0968741667443 -1.25741178449 -0.140957873056 -0.146471009403
3.16578293669 0.375183102648 0.150580069591 3.16578293669 0.375183102648 0.150580069591
-0.0169603446725 -0.0780312220749 -3.12235142692 -0.0169603446725 -0.0780312220749 -3.12235142692
1.50943842607 -0.837841686863 1.36176144848 1.50943842607 -0.837841686863 1.36176144848
-0.373639449827 -0.663166772363 1.78101287086 -0.48696585698 -0.584298897193 1.84900820187
-2.82711290297 0.313363681763 -0.11715037478 -2.82711290297 0.313363681763 -0.11715037478
-2.02735216196 0.0240612553525 2.5569413605 -2.02735216196 0.0240612553525 2.5569413605
-2.34413722283 0.0125702051709 1.84776159415 -2.34413722283 0.0125702051709 1.84776159415
2.67687729202 0.444867355426 2.24860706226 2.67687729202 0.444867355426 2.24860706226
4.14654206473 0.0937091737208 3.39488211059 4.14654206473 0.0937091737208 3.39488211059
-6.43873551563 0.244396063191 -5.60136199858 -6.43873551563 0.244396063191 -5.60136199858
1.42447476255 0.280803925507 1.79052256617 1.36821064753 0.432799218202 2.12879186715
1.03254706548 0.295724582247 2.19708187623 1.03254706548 0.295724582247 2.19708187623
1.78035003426 -0.0588973826482 -1.4437332245 1.78035003426 -0.0588973826482 -1.4437332245
-1.24348165138 -0.869875131178 2.12299060822 -1.24348165138 -0.869875131178 2.12299060822
-2.50632775015 -0.362393957837 -1.83968715399 -2.50632775015 -0.362393957837 -1.83968715399
1.71799433372 0.129356812874 5.0108660933 1.71799433372 0.129356812874 5.0108660933
-3.80602733035 0.480015742549 -2.42322305105 -3.80602733035 0.480015742549 -2.42322305105
-3.2816290197 0.31153151945 -3.08578526413 -3.2816290197 0.31153151945 -3.08578526413
0.849967475054 0.443357012881 0.936554799006 0.849967475054 0.443357012881 0.936554799006
3.93405067404 -0.214852140839 -3.39424800303 3.93405067404 -0.214852140839 -3.39424800303
2.90164539993 -0.28678001291 1.34739623127 2.90164539993 -0.28678001291 1.34739623127
2.81407501172 -0.0587927424912 -0.0398039706572 2.81407501172 -0.0587927424912 -0.0398039706572
-2.65340815397 0.533086064257 6.02728072404 -2.65340815397 0.533086064257 6.02728072404
-1.69563763858 0.524257953967 3.05595115926 -1.69563763858 0.524257953967 3.05595115926
0.859354315445 -0.781670326646 0.373540466165 0.859354315445 -0.781670326646 0.373540466165
-1.58691345718 -0.536921218904 3.5460672988 -1.58691345718 -0.536921218904 3.5460672988
1.15060481922 0.159269934737 1.48360889903 1.15060481922 0.159269934737 1.48360889903
0.906116269095 -0.283610108915 -2.3869733524 0.906116269095 -0.283610108915 -2.3869733524
-0.847236455739 -0.383305138632 2.18588171209 -0.847236455739 -0.383305138632 2.18588171209
1.52439784489 -0.263302576335 -1.97275539294 1.52439784489 -0.263302576335 -1.97275539294
-0.576839061441 0.735378673322 1.57956930339 -0.807416293312 0.696162984149 1.54116258321
-1.33800240812 0.22367878512 0.366747343518 -1.33800240812 0.22367878512 0.366747343518
-4.29183626634 -0.512331545865 -2.05650497598 -4.29183626634 -0.512331545865 -2.05650497598
1.86700541867 0.185779453089 1.93012814955 1.86700541867 0.185779453089 1.93012814955
0.842470625527 -0.478861349577 1.51364997767 0.842470625527 -0.478861349577 1.51364997767
3.97632192694 -0.236526524037 -0.646832761683 4.1625555429 -0.232361922533 -0.6210080584
0.30826289443 -0.0488070393838 -0.350554213264 0.30826289443 -0.0488070393838 -0.350554213264
0.0752530082138 0.151816277404 4.50625529068 0.0752530082138 0.151816277404 4.50625529068
-3.37022856383 0.597116778807 -2.30016637911 -3.37022856383 0.597116778807 -2.30016637911
-0.252440471373 0.268780820274 -0.730038816112 -0.426901149328 0.368009376778 0.268165473461
-1.40889334229 0.802541774196 -2.4263403491 -1.40889334229 0.802541774196 -2.4263403491
0.16722123159 0.0676948124339 0.928143492103 -0.167101034083 -0.0316659264096 1.00241635151
1.67138770918 0.117622636213 -0.215086747388 1.67138770918 0.117622636213 -0.215086747388
4.1625555429 -0.232361922533 -0.6210080584 3.97632192694 -0.236526524037 -0.646832761683
-1.23065773506 -0.372860158969 -0.112557722275 -1.28223299809 -0.38380401263 -0.116927580947
-0.639263421628 -0.543901244638 -3.85993167319 -0.639263421628 -0.543901244638 -3.85993167319
0.033708840004 0.480259951859 0.356090688989 0.033708840004 0.480259951859 0.356090688989
-2.98035816828 0.280609299932 1.22164965984 -2.7202049891 0.21233094002 1.27220697618
-4.62782368609 -0.124260494041 0.970472010151 -4.62782368609 -0.124260494041 0.970472010151
-0.558732701776 1.30963701602 -3.16092603803 -0.558732701776 1.30963701602 -3.16092603803
-1.57920989448 -0.813714174465 -2.57353625062 -1.57920989448 -0.813714174465 -2.57353625062
2.62716095543 -0.402875410166 -1.73123004697 2.62716095543 -0.402875410166 -1.73123004697
-0.281281377053 -0.414697798063 -0.572686575885 0.322853369054 -0.558006744169 -0.786505476395
3.78160344395 -0.491346072059 5.22157656131 3.78160344395 -0.491346072059 5.22157656131
0.441073106616 -0.347267721946 1.05543824316 0.441073106616 -0.347267721946 1.05543824316
1.12827380519 -0.0721874771386 -0.725161812617 0.857188075714 -0.422434127261 -0.485156484791
-2.3448661899 0.0413438076837 -0.799689178324 -2.3448661899 0.0413438076837 -0.799689178324
0.452234472748 -0.0123053796521 1.68972848047 0.344566831011 -0.124619435862 1.52092185528
-2.26572691789 0.337030043623 0.375968026559 -2.26572691789 0.337030043623 0.375968026559
-5.17591799781 -0.864855100904 2.07377647803 -5.17591799781 -0.864855100904 2.07377647803
-0.756355192241 -0.730611857344 2.6217914702 -0.756355192241 -0.730611857344 2.6217914702
-1.95207592897 -0.359997467636 -1.07901560019 -1.95207592897 -0.359997467636 -1.07901560019
-1.3199356256 -0.3218023325 -2.44814757716 -1.3199356256 -0.3218023325 -2.44814757716
0.322853369054 -0.558006744169 -0.786505476395 0.729162239509 -0.240333720654 -0.684693333453
0.715707258049 0.46699861798 -1.66682225357 0.715707258049 0.46699861798 -1.66682225357
2.65145550344 0.282674747959 1.75987012104 2.65145550344 0.282674747959 1.75987012104
3.4870322787 -0.719825977624 -0.648284700867 3.4870322787 -0.719825977624 -0.648284700867
-0.167101034083 -0.0316659264096 1.00241635151 0.16722123159 0.0676948124339 0.928143492103
-2.62999423908 -0.206009732627 3.35839829316 -2.62999423908 -0.206009732627 3.35839829316
-4.62834018737 0.133313269488 0.801482463183 -4.62834018737 0.133313269488 0.801482463183
-3.43932577853 -0.63510130582 3.67566494522 -3.43932577853 -0.63510130582 3.67566494522
