-0.400550260041 -0.982438186175 11.4749204598 -0.400550260041 -0.982438186175 11.4749204598
-0.418656483237 0.216205638556 -0.439301244417 -0.186837826104 0.0813384749115 -0.439693716975
-0.190525413325 -0.174451313215 0.858835947898 -0.0157692556544 -0.313122663617 0.585415476118
0.329156412753 -0.987098603024 1.27597913932 0.481917099067 -1.50701540502 1.48369507628
-0.904384145476 0.535286329946 0.655828032806 -0.904384145476 0.535286329946 0.655828032806
0.130073762482 1.03767279314 -0.322743086875 -0.00896159281623 1.01896147438 -0.74847254011
-1.40555478108 0.979117261664 1.03023755335 -1.40555478108 0.979117261664 1.03023755335
-0.246231153938 -0.0683346830664 -0.0502356134608 0.0873073445012 0.0613186103464 -0.445938853491
0.290216500045 0.270476963308 -0.516347385199 0.290216500045 0.270476963308 -0.516347385199
-0.717486871062 -0.228383553241 -1.45405665127 -0.578368939884 0.208508536678 -1.36126727361
-0.0697654017325 0.748964850696 -1.032881686 0.125265997279 -0.0541938064723 -0.996975141516
0.793492690782 1.36262589854 6.41843493266 0.793492690782 1.36262589854 6.41843493266
-0.268319369468 0.596038299136 0.473709006647 -0.104947418613 0.116812132555 0.399383620951
0.21719407477 -0.048466724463 0.0938984223136 0.628626700345 0.0710109223989 -0.0673344900546
-0.227806299314 -0.308105617485 -0.554272371122 -0.0537870967159 -0.0326509953088 -0.525346177204
0.873818793457 0.274171559816 6.7949950062 0.873818793457 0.274171559816 6.7949950062
-0.519673150427 1.195874486 1.16477933146 -0.519673150427 1.195874486 1.16477933146
-0.578368939884 0.208508536678 -1.36126727361 -0.869399828406 0.515862697328 -1.25032350911
1.53222793622 -0.015360273364 1.97700288925 1.53222793622 -0.015360273364 1.97700288925
-0.239947482724 0.313705436054 -0.181277071962 -0.154471444956 0.500085548081 0.00366876845934
0.109104594551 0.110380305255 2.24311293361 0.109104594551 0.110380305255 2.24311293361
-0.803043725706 0.0559949737504 -1.07306987004 -0.625137230101 -0.0195869917276 -1.38063788381
0.125907073089 -0.909435314085 -3.72171479655 0.125907073089 -0.909435314085 -3.72171479655
0.103519430174 0.0281811953729 2.65255905415 0.295153940156 0.0886952867354 2.75913744247
0.346511115803 -0.305661357275 1.07986989675 0.346511115803 -0.305661357275 1.07986989675
-0.479547186863 0.266053637626 4.59919346733 -0.479547186863 0.266053637626 4.59919346733
0.156000909136 0.122590663774 -0.0384855055548 -0.0829052653797 0.0287662540907 -0.307234343662
-0.993191064469 -0.344431187031 1.46228229223 -0.993191064469 -0.344431187031 1.46228229223
0.721733212816 0.901478697567 -1.20176931481 0.721733212816 0.901478697567 -1.20176931481
-0.360181497313 0.255935286641 -0.044263654742 -0.239947482724 0.313705436054 -0.181277071962
0.356501742837 -0.275708865537 -0.131148661188 0.585302610364 0.0116970304277 -0.0664970514298
2.18789752232 -1.67188294149 4.59083260105 2.18789752232 -1.67188294149 4.59083260105
0.0812153206102 0.281803879136 -1.360169161 -0.0536861044194 0.0959885025433 -1.30199981008
-0.704406482072 -0.296084563383 -1.25109794988 -0.804801691368 -0.181916833056 -1.70496189386
-0.778255820813 1.68517672788 -1.71050628412 -0.778255820813 1.68517672788 -1.71050628412
-0.215519280535 -0.256182052557 0.0420552173171 0.21719407477 -0.048466724463 0.0938984223136
-0.397200530827 0.146937326612 0.276880521595 -0.29153870941 0.139315080129 0.248698056934
1.46476660037 -0.450315821262 1.15398959479 1.39523447283 -0.0986420483062 0.984161107103
0.433625773306 -0.185987660914 -0.772857479336 0.481090713287 -0.345298883983 -0.77725828076
0.106941867451 -0.0895862619649 -0.373110805287 0.118243540023 -0.349983864881 -0.020917739673
0.0478255292992 -0.458836952975 -0.0899908153623 -0.405721033927 -0.586155019788 0.0599323158507
0.574415914774 -0.451687337576 0.393938573328 0.597718301463 -0.463401869525 0.176099945541
0.0550246269447 0.23640433068 -0.614638797679 0.26207494554 0.526218575896 -0.465774788444
0.005239468981 0.488067919595 0.750541075932 -0.506605306181 0.552052564201 0.699259834802
-1.36057884279 0.525504358254 -3.65845330115 -1.36057884279 0.525504358254 -3.65845330115
-1.12203884883 -0.185701781127 -1.73400745618 -1.38434622035 -0.151711261619 -1.71352297815
0.921079106751 0.712777051263 -1.60394993141 0.921079106751 0.712777051263 -1.60394993141
-0.364354023164 -0.793163254886 -0.893163382464 -0.0866301575213 -0.405398023268 -0.542842501995
0.107523580723 0.474311754573 -5.95991657246 0.107523580723 0.474311754573 -5.95991657246
-1.45261556772 0.997674276345 1.25614929098 -1.45261556772 0.997674276345 1.25614929098
-1.2010902488 0.0882277523914 -3.23579132365 -1.2010902488 0.0882277523914 -3.23579132365
0.720073003236 -0.344948373797 4.0579742234 0.720073003236 -0.344948373797 4.0579742234
0.349065525012 -0.883726298787 -1.32242424458 -0.21458577754 -0.476997658783 -1.4351368336
-1.62400581647 -0.836742601277 -1.70150074884 -1.62400581647 -0.836742601277 -1.70150074884
-0.465879995031 0.580217436213 0.603432283288 -0.439329696865 0.348396660391 0.428239648047
0.682906275701 0.433353484491 0.816989800143 0.818214974078 0.375340476615 1.29259532923
-0.424417157917 0.917838580771 -1.32862817133 -0.424417157917 0.917838580771 -1.32862817133
0.222229964564 0.752273470683 -0.514094893419 0.222229964564 0.752273470683 -0.514094893419
0.914562591556 1.03849806569 -2.66949847676 0.428269836428 0.916440911433 -2.83310826031
-0.567061908353 -0.295279057516 -1.40213093674 -0.567061908353 -0.295279057516 -1.40213093674
0.477074762317 -0.4563133238 0.314629701798 0.370484919405 -0.496173356619 0.534584454071
-0.278100850666 -0.174351052327 -0.987760957323 -0.345427397276 -0.355575378507 -1.30276745893
-0.587261529873 0.0961644912747 -1.16285511392 -0.717486871062 -0.228383553241 -1.45405665127
0.763741186458 -1.08059207985 0.318423169459 0.763741186458 -1.08059207985 0.318423169459
-0.0157692556544 -0.313122663617 0.585415476118 -0.0940919876938 0.127615441872 0.109820875205
-0.600235908898 -0.00605541857258 0.166101665373 -0.301146849251 -0.589928213345 0.915369704155
0.66502446289 0.016687365386 -0.14704123097 0.594874966955 0.0516649803069 0.485947428052
-0.318268299425 0.320631235836 -3.24376020687 -0.318268299425 0.320631235836 -3.24376020687
0.360552879968 0.280399443983 0.256933900868 0.274792586596 -0.0323073508107 0.508759771745
-1.61445858845 0.00295346027919 0.706959461897 -1.61445858845 0.00295346027919 0.706959461897
-0.145621583874 0.106871663493 -0.356334888503 -0.0888153200584 0.111006256015 -0.272075540284
-0.240915335526 -0.360950383673 3.44550277103 -0.240915335526 -0.360950383673 3.44550277103
0.894784355522 -0.653191751281 1.65625590607 0.894784355522 -0.653191751281 1.65625590607
1.36458557483 -0.745815658312 3.35284548679 1.36458557483 -0.745815658312 3.35284548679
0.138615998892 -0.172375926979 -0.000726513285985 -0.464944766648 0.350234182796 -0.218575156917
-0.252196144948 -0.578305913087 0.610673182466 -0.277059183799 -0.693528377662 0.789601874967
-0.0963895194847 1.20307513225 -0.550904570228 0.0482796155125 1.09211315753 -0.69592149498
-0.0537870967159 -0.0326509953088 -0.525346177204 0.0550246269447 0.23640433068 -0.614638797679
-0.408470631254 1.3579707734 0.988977367853 -0.408470631254 1.3579707734 0.988977367853
0.193512726109 0.108261123156 -1.28669671666 0.422956285223 -0.10655570663 -1.15116005641
0.53889727176 -0.619668125194 -2.7074971639 0.53889727176 -0.619668125194 -2.7074971639
-1.29169788932 -0.973095615074 1.14309193023 -1.29169788932 -0.973095615074 1.14309193023
-0.391129716694 -0.551807473419 -2.98594033842 -0.391129716694 -0.551807473419 -2.98594033842
0.308659182949 0.0378336137798 -2.92495409712 0.308659182949 0.0378336137798 -2.92495409712
1.60012528606 -0.318539194025 3.5069252553 1.60012528606 -0.318539194025 3.5069252553
0.628626700345 0.0710109223989 -0.0673344900546 0.291888314391 -0.374466414896 0.186486958648
-0.923932634381 1.78781097043 -2.7705106225 -0.923932634381 1.78781097043 -2.7705106225
-0.385757236431 0.612706642407 2.24673533853 -0.385757236431 0.612706642407 2.24673533853
-0.824709201175 0.0235915289731 -0.170593244501 -0.846026912947 0.054823820521 0.0898901521356
0.212369437868 0.283563656268 -0.949079721844 0.405956050178 0.111377693465 -0.793695533976
1.59545183768 0.179853578427 -0.361485466459 1.59545183768 0.179853578427 -0.361485466459
0.99243189581 0.758454621851 -0.694527667054 0.99243189581 0.758454621851 -0.694527667054
-0.545098860064 -1.37312601441 -5.97401949637 -0.545098860064 -1.37312601441 -5.97401949637
-0.56435505765 -0.629843683135 -10.3898587923 -0.56435505765 -0.629843683135 -10.3898587923
-0.610060311999 -0.171547555473 -0.0756500781054 -0.386879606371 -0.325107868204 -0.0433778592436
-0.688401810797 0.037937263372 -0.407996103827 -0.314555524967 -0.469853540724 -0.388811313789
-1.27793854259 -1.2134001448 -1.45628772651 -1.27793854259 -1.2134001448 -1.45628772651
0.373908289719 -0.465921043622 0.791230531179 -0.0400220488013 0.0455547906574 0.839043878589
1.49960071906 0.648098715472 8.26216183695 1.49960071906 0.648098715472 8.26216183695
-1.09235316988 0.743126873297 0.783545296892 -1.09235316988 0.743126873297 0.783545296892
0.112411198151 -0.463370420836 -0.233931633609 0.112411198151 -0.463370420836 -0.233931633609
-0.390698935964 -0.46904013492 -1.55688659376 -0.466674431326 -0.545869797171 -1.26593319037
-0.928438579102 -1.01871980444 3.58380511433 -0.928438579102 -1.01871980444 3.58380511433
-0.228602825312 -0.252831123451 -1.53650073861 -0.228602825312 -0.252831123451 -1.53650073861
0.476719201064 0.125269035163 -1.07840682429 0.294580464477 0.524376716197 -0.994538101285
0.920252216361 1.33954259572 -0.262311195023 0.826407226211 1.31968689597 -0.389105694365
0.410291261893 -0.64970612144 1.32571924974 0.464413805408 -0.898704420775 1.15219718105
0.142979314789 -0.558603679331 -4.5016183778 0.141475264747 -0.520887334504 -4.32261056127
-0.638379618755 0.0954987365405 -0.082106235482 -0.610060311999 -0.171547555473 -0.0756500781054
-0.509288345018 -0.379805147142 -0.939810900905 -0.0494010066303 -0.00910314395286 -0.667444867438
0.177399264015 0.39906090016 0.0535735792521 0.138615998892 -0.172375926979 -0.000726513285985
-0.400946387822 -0.159751271661 -0.665931940567 -0.304274562547 -0.0364052708549 -0.808926017524
0.670684490206 0.640153555196 -0.536625937154 0.702963693302 0.563839248099 -0.877562631674
-0.29605083336 -0.128380142362 -0.32859934215 -0.0038095702935 -0.514817752603 -0.114150492526
0.534600978075 -0.746184727613 -0.97097234984 0.415399035653 -0.409242363649 -0.964792976265
-0.39182142513 0.735006718381 -0.89512338858 0.106259233315 0.656667799615 -0.920736319461
0.139061003555 -0.491474014535 -0.467255217947 0.163521081719 -0.225693072374 -0.441084483733
-0.154471444956 0.500085548081 0.00366876845934 -0.0973964470579 0.170156217595 0.321658521128
0.392794169506 0.624734878251 -1.00879691402 -0.0697654017325 0.748964850696 -1.032881686
0.65268363262 -0.0670290858771 -0.634475811104 0.635225194954 0.0284640548522 -0.838886567966
0.0977665988362 0.574251529376 0.801099150352 0.25696628321 0.382861475661 0.395349514376
-0.129456528445 -0.275133687351 -0.331338998812 -0.0318421466628 -0.161325556248 -0.149849560285
0.4248623783 0.433452963554 0.571051421495 0.360552879968 0.280399443983 0.256933900868
1.80686860807 -1.18793352649 0.169013599409 1.80686860807 -1.18793352649 0.169013599409
-0.846026912947 0.054823820521 0.0898901521356 -0.670444521355 -0.29383880903 0.0956568285505
0.417082154973 0.828153233017 3.77716781244 0.417082154973 0.828153233017 3.77716781244
0.0967064681364 0.429718035325 -7.14062748661 0.0967064681364 0.429718035325 -7.14062748661
0.469208906274 -1.45406798692 -8.23245998523 0.469208906274 -1.45406798692 -8.23245998523
-0.869399828406 0.515862697328 -1.25032350911 -0.541518092677 0.42836270105 -1.11725727247
0.235676231296 0.0323470606315 0.104602439228 0.528132362086 -0.13822633102 0.221954232474
-0.199461482539 0.730047836171 -0.991468171428 -0.199461482539 0.730047836171 -0.991468171428
-0.625137230101 -0.0195869917276 -1.38063788381 -0.587261529873 0.0961644912747 -1.16285511392
-0.447890253679 -0.0179736706119 -1.39308648845 -0.429417852251 0.270496838397 -1.42975812126
-0.174732792729 -0.643120594182 0.235895276915 0.0478255292992 -0.458836952975 -0.0899908153623
0.03775463505 0.529003965205 -2.39829837824 0.091260261433 0.851362289622 -2.58774522274
-0.212238480132 0.112139006227 -0.33231034918 0.0287115936601 0.0262311607831 -0.455054703194
-0.529395301196 -0.405045404603 1.20011620134 -0.529395301196 -0.405045404603 1.20011620134
0.143234325251 -1.73676313996 -3.72405535002 0.143234325251 -1.73676313996 -3.72405535002
-0.511951971566 1.0503000506 3.30493924151 -0.511951971566 1.0503000506 3.30493924151
-0.673125209457 -0.78494631857 -9.05686885057 -0.673125209457 -0.78494631857 -9.05686885057
-1.1820724928 0.18980019254 -1.44955229815 -0.803043725706 0.0559949737504 -1.07306987004
-0.460909385834 -0.0566507709778 -0.376419681432 -0.246231153938 -0.0683346830664 -0.0502356134608
-0.402212021287 0.281783427564 1.13024030113 -0.190525413325 -0.174451313215 0.858835947898
0.240552584668 0.548013377325 1.67727881872 0.240552584668 0.548013377325 1.67727881872
0.609379202827 -0.7082100176 -1.81246012933 0.609379202827 -0.7082100176 -1.81246012933
-0.472160143132 -0.905791758285 -2.56103269205 -0.472160143132 -0.905791758285 -2.56103269205
0.481917099067 -1.50701540502 1.48369507628 0.277457897056 -1.1631935326 1.69499931828
0.295153940156 0.0886952867354 2.75913744247 0.103519430174 0.0281811953729 2.65255905415
0.422956285223 -0.10655570663 -1.15116005641 0.160114532202 -0.149327792584 -1.07777087589
-0.541518092677 0.42836270105 -1.11725727247 -0.39182142513 0.735006718381 -0.89512338858
0.923726157424 -2.59605175292 -6.26155617858 0.923726157424 -2.59605175292 -6.26155617858
-0.118058239519 -0.403754799124 1.45231077588 0.180546023309 -0.591201074653 0.986972054989
-1.23780615509 0.315287362123 -3.6047464205 -1.23780615509 0.315287362123 -3.6047464205
-0.516019756415 -0.145759513857 -0.920879675788 -0.0946326655216 0.00897482581882 -0.858442132968
-0.781582127406 2.05294580598 2.73888543422 -0.781582127406 2.05294580598 2.73888543422
-0.405721033927 -0.586155019788 0.0599323158507 -0.460909385834 -0.0566507709778 -0.376419681432
0.468480382554 -0.098043878197 -1.15552710247 0.468480382554 -0.098043878197 -1.15552710247
0.42966718303 0.537479054609 -0.190429498905 1.02210310484 0.228679149521 -0.12584415418
0.826407226211 1.31968689597 -0.389105694365 0.920252216361 1.33954259572 -0.262311195023
1.24880895429 -0.403923119351 1.09741150615 1.05029711913 -0.497181201639 1.29845899212
0.456914051896 -0.203634249675 0.442137287898 0.456914051896 -0.203634249675 0.442137287898
-1.50601425477 -0.695795776922 1.07665189767 -1.50601425477 -0.695795776922 1.07665189767
-1.60183307598 -1.11121489579 -1.85643761074 -1.60183307598 -1.11121489579 -1.85643761074
0.823803487381 0.631339151771 1.21539362834 0.963944578913 0.553622949014 0.834313930041
-0.197100851273 -0.610201668672 1.39966161628 -0.118058239519 -0.403754799124 1.45231077588
0.341631465685 -0.316454021096 -0.868148205312 0.186837089683 -0.132899776404 -0.113175639252
-0.0992981881853 -0.0511659896581 1.0581038034 0.0561548903707 0.188734505238 1.299698112
2.72950235688 -0.794119534897 -3.98041020806 2.72950235688 -0.794119534897 -3.98041020806
-0.0318421466628 -0.161325556248 -0.149849560285 -0.482176042389 0.0354772266765 -0.237885370162
-0.654598503298 0.489303595254 0.06125280256 -1.11359904608 0.0522504639843 0.0822384976763
-0.104947418613 0.116812132555 0.399383620951 -0.306679580647 0.208979532117 0.430734158788
-0.464944766648 0.350234182796 -0.218575156917 -0.268319369468 0.596038299136 0.473709006647
-0.023184463745 -0.851034569091 0.0451228290689 -0.054425976883 -0.526061863519 0.0834456296052
1.42600380283 1.36993084515 -5.09194287683 1.42600380283 1.36993084515 -5.09194287683
0.592000990112 -0.876780010266 -4.18788432879 0.592000990112 -0.876780010266 -4.18788432879
-0.318270299785 0.57658038916 0.0629398821304 -0.306130471257 0.413721938264 0.212471306272
1.05102533281 0.535834043562 1.54765101141 1.05102533281 0.535834043562 1.54765101141
-0.681238721909 0.38715360948 -2.48887546179 -0.681238721909 0.38715360948 -2.48887546179
-0.241088397676 1.03222156888 -0.200103275533 -0.520404785855 0.599737253567 -0.269948148665
0.106259233315 0.656667799615 -0.920736319461 0.392794169506 0.624734878251 -1.00879691402
-0.196994322539 -0.259041674747 0.181140718206 -0.0197976303474 -0.47849482919 0.297768399916
0.49278817542 -0.175476430886 2.68970895223 0.583879364906 -0.247217067152 2.48342072983
0.0826136348403 0.186706613023 -1.1064400131 0.0812153206102 0.281803879136 -1.360169161
0.291888314391 -0.374466414896 0.186486958648 -0.215519280535 -0.256182052557 0.0420552173171
0.0687865178312 -0.38100848287 -1.53506553572 0.188112527482 -0.639603356476 -1.3817171069
-0.304274562547 -0.0364052708549 -0.808926017524 -0.516019756415 -0.145759513857 -0.920879675788
0.160114532202 -0.149327792584 -1.07777087589 0.193512726109 0.108261123156 -1.28669671666
1.73218545364 0.655015568895 -6.12840893723 1.73218545364 0.655015568895 -6.12840893723
0.473487337089 -0.0151018299015 0.268006158051 0.392521388259 -0.12219257771 0.0440194884357
-1.89540460356 0.475546600164 6.25363514606 -1.89540460356 0.475546600164 6.25363514606
0.242932003096 0.0220698673126 0.640934453796 0.242932003096 0.0220698673126 0.640934453796
-0.23316177761 -0.930527970658 -0.412425090966 -0.23316177761 -0.930527970658 -0.412425090966
2.64827250703 -0.621668937263 4.99272069316 2.64827250703 -0.621668937263 4.99272069316
-0.07153112766 1.19320946606 -0.965795889075 -0.07153112766 1.19320946606 -0.965795889075
-0.317081055078 -0.20594466887 -1.08322296225 -0.338400358302 -0.590966669596 -1.02650870682
-0.096679377848 1.24837151441 -6.24015405366 -0.096679377848 1.24837151441 -6.24015405366
-0.314555524967 -0.469853540724 -0.388811313789 -0.29605083336 -0.128380142362 -0.32859934215
-0.103090021376 0.249642680914 -0.978458812091 -0.155355634074 0.441217486316 -0.906707946919
1.39523447283 -0.0986420483062 0.984161107103 0.962479545329 -0.0323332084287 0.960493631978
-0.79489935798 -0.0813311084177 -3.98047326092 -0.79489935798 -0.0813311084177 -3.98047326092
0.0388418815488 -1.62281125149 8.24471483525 0.0388418815488 -1.62281125149 8.24471483525
1.29871275964 0.39442786616 4.0055497018 1.29871275964 0.39442786616 4.0055497018
0.163521081719 -0.225693072374 -0.441084483733 0.106941867451 -0.0895862619649 -0.373110805287
0.583879364906 -0.247217067152 2.48342072983 0.49278817542 -0.175476430886 2.68970895223
0.475941554364 0.0107790751735 2.4623511487 0.475941554364 0.0107790751735 2.4623511487
-0.582353795799 0.175418559409 -0.346784746817 -0.474207872991 0.405186366482 0.246927075743
-0.0803783889165 -0.317192308958 0.24891858714 -0.174732792729 -0.643120594182 0.235895276915
-0.338400358302 -0.590966669596 -1.02650870682 -0.390698935964 -0.46904013492 -1.55688659376
0.73959372438 -0.883662251022 -6.39394407733 0.73959372438 -0.883662251022 -6.39394407733
0.522770838996 0.221194601495 -3.72192998744 0.522770838996 0.221194601495 -3.72192998744
-0.482176042389 0.0354772266765 -0.237885370162 -0.211302953044 0.193001252356 -0.476498051751
0.166745151964 -0.0869583330853 -0.0500863429515 -0.129456528445 -0.275133687351 -0.331338998812
0.597718301463 -0.463401869525 0.176099945541 0.0582918106659 -0.379242818709 0.116928407089
-0.585143520925 1.23529763774 -0.833363437691 -0.585143520925 1.23529763774 -0.833363437691
0.25696628321 0.382861475661 0.395349514376 0.216827258449 0.248448226971 0.532765275646
-1.0805452952 0.0355664537548 0.927098917331 -1.0805452952 0.0355664537548 0.927098917331
0.244859096884 0.350978963888 -0.178627567171 0.50997546845 0.532935105988 -0.297922620802
-0.343657254697 0.416957089486 0.289955882504 -0.231081044417 0.269471625187 -0.244739946741
-0.337552847341 -0.192533159669 0.309352937565 -0.620286747912 0.0550199089792 -0.0680187131372
0.34801271186 0.553432346973 1.5038483542 0.34801271186 0.553432346973 1.5038483542
0.103313896757 0.418508227558 3.40268167741 0.103313896757 0.418508227558 3.40268167741
0.571427225607 0.452329013224 1.47139629098 0.571427225607 0.452329013224 1.47139629098
-0.0785560082875 -0.187858030494 1.09389367467 -0.0785560082875 -0.187858030494 1.09389367467
0.14160104543 0.859348790568 6.92552037939 0.14160104543 0.859348790568 6.92552037939
-0.117690658864 0.206443516204 -1.09582375361 0.0674027967972 0.14550260025 -0.975849756881
-0.209566741769 -0.698923223811 4.18208636884 -0.209566741769 -0.698923223811 4.18208636884
-0.643960528126 -0.30775637637 5.50211329174 -0.596896643382 -0.2983090252 5.34177689024
0.352446138214 0.712321818696 -0.648960996143 0.352446138214 0.712321818696 -0.648960996143
0.405956050178 0.111377693465 -0.793695533976 0.0620646916077 -0.182749653449 -1.06259199649
0.768865767492 0.913715607241 -2.22539475375 0.768865767492 0.913715607241 -2.22539475375
-0.380092063654 -1.08611445166 2.17400108472 -0.380092063654 -1.08611445166 2.17400108472
-0.369384194882 0.5185557269 -5.63289502482 -0.369384194882 0.5185557269 -5.63289502482
-0.275103805279 -0.424676060971 1.42034922289 -0.294781929949 -0.5148868921 1.19884562799
0.294580464477 0.524376716197 -0.994538101285 0.120254127337 0.392295277187 -1.11450808014
-0.890184032835 0.197640832351 -8.98196628776 -0.890184032835 0.197640832351 -8.98196628776
1.4703101416 1.2705077587 1.05516463907 1.4703101416 1.2705077587 1.05516463907
-0.408929698947 -0.442295764847 -1.64910625456 -0.545780325549 -0.361461539776 -1.28170684079
-0.640610106627 0.583990647923 0.669292879268 -0.640610106627 0.583990647923 0.669292879268
-0.272579527506 0.568317132865 0.199929286493 0.005239468981 0.488067919595 0.750541075932
-0.659441379657 0.766264606766 3.13705836429 -0.659441379657 0.766264606766 3.13705836429
-0.355637756203 0.419444939364 4.06613397565 -0.355637756203 0.419444939364 4.06613397565
-0.89534155394 0.380930094229 1.42369292226 -0.89534155394 0.380930094229 1.42369292226
0.702963693302 0.563839248099 -0.877562631674 0.670684490206 0.640153555196 -0.536625937154
0.890912453168 0.769598773483 3.69827143327 0.890912453168 0.769598773483 3.69827143327
0.154026307234 0.502434613777 -0.40109020971 0.0789746277882 -0.226229485983 -0.12791619473
-0.245763812051 -0.394321839132 1.20840357163 -0.379356519364 -0.459615311684 1.19785414235
-0.00065413368567 -0.682209782787 -0.0803728642532 -0.00065413368567 -0.682209782787 -0.0803728642532
0.963944578913 0.553622949014 0.834313930041 0.682906275701 0.433353484491 0.816989800143
0.274792586596 -0.0323073508107 0.508759771745 0.477074762317 -0.4563133238 0.314629701798
-0.571287332939 -0.511119137993 -5.84025206882 -0.571287332939 -0.511119137993 -5.84025206882
0.289741857634 -0.311060971498 1.74612301407 0.289741857634 -0.311060971498 1.74612301407
-0.305432040444 -0.201284713988 -0.285506025464 -0.582353795799 0.175418559409 -0.346784746817
2.31367511123 1.40577463019 1.70733573919 2.31367511123 1.40577463019 1.70733573919
0.645906187393 0.135657520844 1.57725356984 0.645906187393 0.135657520844 1.57725356984
0.0236072841514 -0.591433787544 -0.318501894014 0.356501742837 -0.275708865537 -0.131148661188
0.962479545329 -0.0323332084287 0.960493631978 0.574415914774 -0.451687337576 0.393938573328
-0.150868722745 -0.104368003109 1.98245276653 -0.150868722745 -0.104368003109 1.98245276653
1.12939173031 1.20188001934 0.818558608636 1.12939173031 1.20188001934 0.818558608636
0.434903443092 -1.713794073 0.300025244507 0.434903443092 -1.713794073 0.300025244507
-1.63605522727 -1.55171556481 -8.39529488594 -1.63605522727 -1.55171556481 -8.39529488594
-0.0197976303474 -0.47849482919 0.297768399916 -0.0803783889165 -0.317192308958 0.24891858714
0.389586527728 -0.0183381269734 0.150651528165 0.473487337089 -0.0151018299015 0.268006158051
0.370484919405 -0.496173356619 0.534584454071 0.335988112315 -0.125743187276 0.847483446563
-0.548067025765 -1.31991429487 -3.11279707428 -0.548067025765 -1.31991429487 -3.11279707428
-0.818837778668 -0.186904166005 -2.42311399723 -0.818837778668 -0.186904166005 -2.42311399723
-0.142290669126 0.235692404398 -0.78773726929 -0.142290669126 0.235692404398 -0.78773726929
-0.00896159281623 1.01896147438 -0.74847254011 0.325572307821 0.530248863982 -0.354454337558
-0.944787273217 1.56980302766 -1.54314230144 -0.944787273217 1.56980302766 -1.54314230144
-0.294781929949 -0.5148868921 1.19884562799 -0.275103805279 -0.424676060971 1.42034922289
-0.0879716090881 0.564076590246 -0.18219757549 0.0580768924098 0.671743518985 -0.40749508017
-0.888313292168 0.329962557366 -8.81439682727 -0.888313292168 0.329962557366 -8.81439682727
0.091260261433 0.851362289622 -2.58774522274 0.03775463505 0.529003965205 -2.39829837824
-1.54677349822 0.231629610991 0.714285885002 -1.54677349822 0.231629610991 0.714285885002
-0.131415656871 -0.463537654365 0.72210748501 -0.0186895113522 -0.372274151997 0.647812060211
0.43111034629 -0.476408135983 -2.33831949134 0.43111034629 -0.476408135983 -2.33831949134
-0.692272937538 0.136553050583 -0.00305089917594 -0.305432040444 -0.201284713988 -0.285506025464
0.116796730165 0.0558057981767 1.43446915393 0.116796730165 0.0558057981767 1.43446915393
-0.993679212993 1.7298510402 -1.18255845025 -0.993679212993 1.7298510402 -1.18255845025
0.0561548903707 0.188734505238 1.299698112 -0.391230044177 0.26702427248 1.36367311254
-0.0299568333102 -0.845015057093 3.04676116487 -0.0299568333102 -0.845015057093 3.04676116487
-0.525894328147 0.435421916898 0.527886629829 -0.259942303887 0.150576768349 0.68077213465
-0.386879606371 -0.325107868204 -0.0433778592436 -0.196994322539 -0.259041674747 0.181140718206
-0.397376716028 0.673196595833 0.316746500567 -0.465879995031 0.580217436213 0.603432283288
-0.478223078117 0.398016244068 3.59009667156 -0.478223078117 0.398016244068 3.59009667156
-0.999195167807 -0.0699349979236 2.11031571697 -0.999195167807 -0.0699349979236 2.11031571697
-0.230502137714 -0.151278661162 0.655071031006 -0.337552847341 -0.192533159669 0.309352937565
0.621308099014 0.195054081379 4.03630653119 0.617310214482 0.0709010212643 4.08882083386
-0.0977495643845 0.831283872318 -0.589892747874 0.42966718303 0.537479054609 -0.190429498905
-0.211302953044 0.193001252356 -0.476498051751 -0.227806299314 -0.308105617485 -0.554272371122
-0.0946326655216 0.00897482581882 -0.858442132968 -0.278100850666 -0.174351052327 -0.987760957323
-1.46020083914 -0.00484035858827 5.32698619786 -1.46020083914 -0.00484035858827 5.32698619786
0.492506226133 -0.0263954311457 -0.366560658659 0.452243804747 0.210302266289 -0.326100557244
-0.0829052653797 0.0287662540907 -0.307234343662 -0.192118290248 0.185139527013 -0.157926514048
0.0287115936601 0.0262311607831 -0.455054703194 0.154026307234 0.502434613777 -0.40109020971
-0.48509277279 0.735162573233 0.196733158573 -0.272579527506 0.568317132865 0.199929286493
0.877618260027 -0.884395885841 1.78395873783 0.877618260027 -0.884395885841 1.78395873783
0.229954144584 -0.131066674306 -0.806866931084 -0.084371991941 -0.455708297537 -0.794219858629
-0.520404785855 0.599737253567 -0.269948148665 -0.360181497313 0.255935286641 -0.044263654742
-0.839631396978 0.309181481874 -1.77132199498 -1.1820724928 0.18980019254 -1.44955229815
-1.00302809686 0.223305562712 -0.482084722638 -1.00302809686 0.223305562712 -0.482084722638
-0.126854313232 0.42396766269 -0.426926904641 -0.0963895194847 1.20307513225 -0.550904570228
0.180546023309 -0.591201074653 0.986972054989 0.410291261893 -0.64970612144 1.32571924974
-0.0888153200584 0.111006256015 -0.272075540284 0.149307759934 -0.0763463189064 0.230778227265
-0.345427397276 -0.355575378507 -1.30276745893 0.216689222965 0.086346439879 -1.14999489205
0.392521388259 -0.12219257771 0.0440194884357 0.0542661464794 0.379117397754 -0.149140020185
0.0582918106659 -0.379242818709 0.116928407089 0.0400121476701 -0.412849890549 0.135488280028
0.406704446875 -1.12196716404 0.612886779296 0.696542575862 -0.82791998551 0.633695394288
0.617310214482 0.0709010212643 4.08882083386 0.621308099014 0.195054081379 4.03630653119
-0.379356519364 -0.459615311684 1.19785414235 -0.245763812051 -0.394321839132 1.20840357163
0.282462957908 0.0790730132995 -3.77514159139 0.282462957908 0.0790730132995 -3.77514159139
-1.79398263598 -0.87433332418 2.04596684263 -1.79398263598 -0.87433332418 2.04596684263
0.415399035653 -0.409242363649 -0.964792976265 0.433625773306 -0.185987660914 -0.772857479336
-0.3589804684 -0.587783583524 4.4675814337 -0.3589804684 -0.587783583524 4.4675814337
0.173201529119 -0.710692863156 -0.424362627394 0.173201529119 -0.710692863156 -0.424362627394
-1.21734651548 0.202460049091 2.630348298 -1.21734651548 0.202460049091 2.630348298
0.118243540023 -0.349983864881 -0.020917739673 0.0474593018893 0.0252739006749 -0.536062722572
0.126468478344 1.14666672076 0.0289848618747 0.126468478344 1.14666672076 0.0289848618747
-0.785693980908 0.173195767374 -0.0584763249865 -0.654598503298 0.489303595254 0.06125280256
-1.11359904608 0.0522504639843 0.0822384976763 -0.785693980908 0.173195767374 -0.0584763249865
-0.186837826104 0.0813384749115 -0.439693716975 -0.145621583874 0.106871663493 -0.356334888503
0.519556551999 0.847242410686 -0.668626155267 0.519556551999 0.847242410686 -0.668626155267
-1.15246433733 -0.269611796169 1.19332475974 -1.15246433733 -0.269611796169 1.19332475974
0.868578147524 -0.426002873909 3.84925939172 0.868578147524 -0.426002873909 3.84925939172
0.811577978847 0.314469536431 3.51303227421 0.811577978847 0.314469536431 3.51303227421
-0.798358033903 0.971748141416 -1.01888642535 -0.798358033903 0.971748141416 -1.01888642535
-0.00428008689867 0.147338870492 1.10853179354 -0.0992981881853 -0.0511659896581 1.0581038034
0.186837089683 -0.132899776404 -0.113175639252 0.267687359085 0.501263016817 0.299565244217
-0.43260910774 -0.653302915364 2.221503956 -0.43260910774 -0.653302915364 2.221503956
-0.792116125887 -0.918105994154 0.370105044575 -0.708373935829 -0.639199700085 0.441060633415
0.0580768924098 0.671743518985 -0.40749508017 0.076537545338 0.485189074209 -0.328592113999
-0.925988274411 -0.466729860602 2.66377708737 -0.925988274411 -0.466729860602 2.66377708737
-0.0738629283085 -0.924720249279 1.39023144114 -0.0738629283085 -0.924720249279 1.39023144114
-0.596896643382 -0.2983090252 5.34177689024 -0.643960528126 -0.30775637637 5.50211329174
1.51480320324 0.376198904025 -1.76715828906 1.51480320324 0.376198904025 -1.76715828906
-0.192118290248 0.185139527013 -0.157926514048 -0.318270299785 0.57658038916 0.0629398821304
1.20869854667 -1.41488177443 -1.14847804835 1.20869854667 -1.41488177443 -1.14847804835
0.141475264747 -0.520887334504 -4.32261056127 0.254181421576 -0.903856787319 -4.20892467749
0.332132063476 -0.291678252009 -0.781482135699 0.65268363262 -0.0670290858771 -0.634475811104
0.267687359085 0.501263016817 0.299565244217 -0.166503167176 0.318164888142 -0.21605780098
-1.78401419822 0.908477117191 7.19476940238 -1.78401419822 0.908477117191 7.19476940238
0.137307195473 -1.55875403814 6.64710986974 0.137307195473 -1.55875403814 6.64710986974
0.335988112315 -0.125743187276 0.847483446563 0.222400519961 -0.507873732735 0.627594886499
0.528132362086 -0.13822633102 0.221954232474 0.235676231296 0.0323470606315 0.104602439228
0.122554060128 -0.143468452632 1.51550831678 0.122554060128 -0.143468452632 1.51550831678
0.594874966955 0.0516649803069 0.485947428052 0.4248623783 0.433452963554 0.571051421495
0.50997546845 0.532935105988 -0.297922620802 0.517736214638 -0.0422803842176 0.0426248697766
0.216689222965 0.086346439879 -1.14999489205 0.368479119696 -0.222970343273 -0.963161072201
-0.717514762946 -0.584748829212 2.59515198158 -0.717514762946 -0.584748829212 2.59515198158
-1.4963665219 -0.798473188624 -5.30530016499 -1.4963665219 -0.798473188624 -5.30530016499
0.162337094444 -0.514957832012 -4.37598556523 0.142979314789 -0.558603679331 -4.5016183778
-0.18045398087 -0.786359645765 -1.1443974337 0.129836044449 -0.967491130419 -1.50224036382
-0.474207872991 0.405186366482 0.246927075743 -0.692272937538 0.136553050583 -0.00305089917594
-0.301146849251 -0.589928213345 0.915369704155 -0.197100851273 -0.610201668672 1.39966161628
0.129836044449 -0.967491130419 -1.50224036382 0.349065525012 -0.883726298787 -1.32242424458
-0.620286747912 0.0550199089792 -0.0680187131372 -0.824709201175 0.0235915289731 -0.170593244501
-0.0870221643125 1.27340471982 -0.286426581789 0.130073762482 1.03767279314 -0.322743086875
-1.44931858577 0.485962906686 0.281184366968 -1.44931858577 0.485962906686 0.281184366968
1.75964106835 0.391909240919 -0.0675560489356 1.75964106835 0.391909240919 -0.0675560489356
0.201663803344 0.428402939479 -2.33542674058 0.201663803344 0.428402939479 -2.33542674058
0.0625144666958 0.835515099959 -1.54560703086 0.0625144666958 0.835515099959 -1.54560703086
0.254215548708 -0.0140860675825 -0.727487188439 -0.509288345018 -0.379805147142 -0.939810900905
0.254181421576 -0.903856787319 -4.20892467749 0.162337094444 -0.514957832012 -4.37598556523
-0.670083954147 -0.159307324039 -9.94574454849 -0.670083954147 -0.159307324039 -9.94574454849
-1.29669810676 -1.10721661504 -3.32069593717 -1.29669810676 -1.10721661504 -3.32069593717
-0.712622135781 0.619756286321 0.227663763453 -0.397376716028 0.673196595833 0.316746500567
-0.552958106263 -0.848095748164 2.73933476581 -0.552958106263 -0.848095748164 2.73933476581
0.0400121476701 -0.412849890549 0.135488280028 0.0236072841514 -0.591433787544 -0.318501894014
-0.967427477092 0.662375874199 1.36273807977 -0.967427477092 0.662375874199 1.36273807977
1.02210310484 0.228679149521 -0.12584415418 0.66502446289 0.016687365386 -0.14704123097
0.26207494554 0.526218575896 -0.465774788444 -0.248549175419 0.12631837399 -0.0202038133896
0.0914762986346 -0.226655177621 -0.251298181171 0.254215548708 -0.0140860675825 -0.727487188439
-0.0910333426486 0.46390610305 -0.627431326548 -0.103090021376 0.249642680914 -0.978458812091
1.05029711913 -0.497181201639 1.29845899212 1.24880895429 -0.403923119351 1.09741150615
0.635225194954 0.0284640548522 -0.838886567966 0.332132063476 -0.291678252009 -0.781482135699
1.5932854387 1.29122303164 1.68566625288 1.5932854387 1.29122303164 1.68566625288
0.370457600595 -1.08945972005 1.11635231737 0.406704446875 -1.12196716404 0.612886779296
-0.145775626705 -0.108901128058 -0.27460369496 -0.400946387822 -0.159751271661 -0.665931940567
-0.054425976883 -0.526061863519 0.0834456296052 -0.023184463745 -0.851034569091 0.0451228290689
1.10071899252 -0.363391464464 12.2850477793 1.10071899252 -0.363391464464 12.2850477793
-0.277059183799 -0.693528377662 0.789601874967 -0.131415656871 -0.463537654365 0.72210748501
0.188112527482 -0.639603356476 -1.3817171069 0.534600978075 -0.746184727613 -0.97097234984
0.108117801671 0.561100498345 0.835996017301 0.0977665988362 0.574251529376 0.801099150352
0.325572307821 0.530248863982 -0.354454337558 0.492506226133 -0.0263954311457 -0.366560658659
-0.101850520092 -0.561457420825 -0.130327259493 -0.364354023164 -0.793163254886 -0.893163382464
-0.0973964470579 0.170156217595 0.321658521128 -0.343657254697 0.416957089486 0.289955882504
0.236197713206 0.577453377583 -4.52335482782 0.236197713206 0.577453377583 -4.52335482782
0.257393133259 0.416037493506 -1.13683977635 0.476719201064 0.125269035163 -1.07840682429
-1.35162147913 0.53544937277 -4.8689081139 -1.35162147913 0.53544937277 -4.8689081139
-0.416145158899 -0.101999913467 0.891687191525 -0.416145158899 -0.101999913467 0.891687191525
0.0789746277882 -0.226229485983 -0.12791619473 0.0914762986346 -0.226655177621 -0.251298181171
0.360812188487 -0.325369225708 -2.89184974346 0.360812188487 -0.325369225708 -2.89184974346
0.338701664046 1.39242526543 3.71838168863 0.338701664046 1.39242526543 3.71838168863
-0.545780325549 -0.361461539776 -1.28170684079 -0.408929698947 -0.442295764847 -1.64910625456
-0.166503167176 0.318164888142 -0.21605780098 -0.212238480132 0.112139006227 -0.33231034918
-0.310491966491 2.11369422251 0.407102712923 -0.310491966491 2.11369422251 0.407102712923
0.459542424103 0.0552911116865 -1.23484954531 0.459542424103 0.0552911116865 -1.23484954531
-0.0181580963183 -0.358527313844 -1.10389161633 0.118462801942 -0.0263526060757 -1.05957745785
0.0474593018893 0.0252739006749 -0.536062722572 0.156000909136 0.122590663774 -0.0384855055548
0.85383762246 -0.0794983263572 0.380781563984 1.08491955563 -0.410908603535 0.65606496053
0.0737286573601 -1.06888306645 0.321948266548 0.0737286573601 -1.06888306645 0.321948266548
0.0145690079885 0.959902662652 -0.279150660093 0.0145690079885 0.959902662652 -0.279150660093
0.818214974078 0.375340476615 1.29259532923 0.823803487381 0.631339151771 1.21539362834
-0.670444521355 -0.29383880903 0.0956568285505 -0.630272121286 -0.368462791026 -0.0371314287264
0.452243804747 0.210302266289 -0.326100557244 0.348192907668 0.460935878625 -0.747452759169
0.076537545338 0.485189074209 -0.328592113999 -0.153470826292 0.609796616993 0.0625115020734
-0.248549175419 0.12631837399 -0.0202038133896 -0.366674653824 0.12098520159 -0.0265200163727
2.05461428964 -0.300147571081 7.35184841948 2.05461428964 -0.300147571081 7.35184841948
0.42014847592 -1.4175802839 -4.57340405436 0.42014847592 -1.4175802839 -4.57340405436
0.00863604756127 0.996771611785 4.40527817342 0.00863604756127 0.996771611785 4.40527817342
0.125265997279 -0.0541938064723 -0.996975141516 0.0687865178312 -0.38100848287 -1.53506553572
-0.133495166844 -0.697423999261 -1.95492329516 -0.133495166844 -0.697423999261 -1.95492329516
-0.0186895113522 -0.372274151997 0.647812060211 -0.185322491427 -0.151865707282 0.338296231072
0.579668855109 -0.797633467718 8.8238852657 0.579668855109 -0.797633467718 8.8238852657
-0.744792925596 0.53783006331 2.94638882893 -0.744792925596 0.53783006331 2.94638882893
0.184057445243 1.01327282364 1.75167787803 0.184057445243 1.01327282364 1.75167787803
0.694785024392 -0.480297351422 -6.37780494715 0.520468392077 -0.399973349341 -6.47667567586
-0.38618372668 0.780537721009 -3.57456605162 -0.38618372668 0.780537721009 -3.57456605162
0.394333378596 -0.156019508912 -0.466768111796 0.394333378596 -0.156019508912 -0.466768111796
0.517736214638 -0.0422803842176 0.0426248697766 0.85383762246 -0.0794983263572 0.380781563984
0.520468392077 -0.399973349341 -6.47667567586 0.694785024392 -0.480297351422 -6.37780494715
1.08491955563 -0.410908603535 0.65606496053 1.46476660037 -0.450315821262 1.15398959479
0.210166144979 -0.689384071734 -1.87864146092 0.210166144979 -0.689384071734 -1.87864146092
0.216827258449 0.248448226971 0.532765275646 0.24979454408 0.055833842718 0.491922549338
0.222400519961 -0.507873732735 0.627594886499 -0.252196144948 -0.578305913087 0.610673182466
-0.21434545584 0.526135147557 -1.44305298073 -0.21434545584 0.526135147557 -1.44305298073
-0.185322491427 -0.151865707282 0.338296231072 -0.230502137714 -0.151278661162 0.655071031006
0.0873073445012 0.0613186103464 -0.445938853491 -0.0879716090881 0.564076590246 -0.18219757549
-0.126775001414 -0.271172177897 1.40012530565 -0.126775001414 -0.271172177897 1.40012530565
0.24979454408 0.055833842718 0.491922549338 -0.00428008689867 0.147338870492 1.10853179354
-0.0858018510883 0.667889898829 -1.05889471755 -0.0858018510883 0.667889898829 -1.05889471755
-1.38434622035 -0.151711261619 -1.71352297815 -1.12203884883 -0.185701781127 -1.73400745618
0.149307759934 -0.0763463189064 0.230778227265 0.389586527728 -0.0183381269734 0.150651528165
0.798331474066 1.32481898714 5.46444663703 0.798331474066 1.32481898714 5.46444663703
0.641532622394 -0.539221287375 -5.7718092255 0.641532622394 -0.539221287375 -5.7718092255
0.096209446562 0.972206213957 -4.22969775318 0.096209446562 0.972206213957 -4.22969775318
-0.259942303887 0.150576768349 0.68077213465 -0.101050432858 0.0568968885725 0.509965901103
-0.466674431326 -0.545869797171 -1.26593319037 -0.704406482072 -0.296084563383 -1.25109794988
-0.628070138002 -0.597367585018 -4.58687207459 -0.628070138002 -0.597367585018 -4.58687207459
0.773196406259 -0.556182714392 1.36218987531 0.773196406259 -0.556182714392 1.36218987531
-0.844704937465 -0.701636032264 2.32818641423 -0.844704937465 -0.701636032264 2.32818641423
0.0542661464794 0.379117397754 -0.149140020185 -0.0603322187786 0.0984525393399 0.121680328791
0.428269836428 0.916440911433 -2.83310826031 0.914562591556 1.03849806569 -2.66949847676
-0.306130471257 0.413721938264 0.212471306272 -0.0282141940205 0.315069313322 -0.0129601271719
0.481242150498 0.105501632775 0.116728014323 0.481242150498 0.105501632775 0.116728014323
-0.391230044177 0.26702427248 1.36367311254 -0.402212021287 0.281783427564 1.13024030113
-0.439329696865 0.348396660391 0.428239648047 -0.48509277279 0.735162573233 0.196733158573
-0.174367517558 0.25659014952 0.0533704268958 -0.126854313232 0.42396766269 -0.426926904641
-0.0536861044194 0.0959885025433 -1.30199981008 -0.317081055078 -0.20594466887 -1.08322296225
-1.26471245781 0.442555785242 6.53653203723 -1.26471245781 0.442555785242 6.53653203723
-0.366674653824 0.12098520159 -0.0265200163727 -0.600235908898 -0.00605541857258 0.166101665373
-0.388434636629 0.542267119213 -5.77123602797 -0.388434636629 0.542267119213 -5.77123602797
-0.0400220488013 0.0455547906574 0.839043878589 0.108117801671 0.561100498345 0.835996017301
-0.670414140751 0.352921524325 3.3313538863 -0.670414140751 0.352921524325 3.3313538863
0.890212395811 -2.17200131867 0.559716596161 0.890212395811 -2.17200131867 0.559716596161
1.42738640678 -1.02597474794 -0.485787304582 1.42738640678 -1.02597474794 -0.485787304582
-0.298782941692 0.414477466129 0.220212433158 -0.298782941692 0.414477466129 0.220212433158
-0.21458577754 -0.476997658783 -1.4351368336 -0.18045398087 -0.786359645765 -1.1443974337
-0.0866301575213 -0.405398023268 -0.542842501995 -0.145775626705 -0.108901128058 -0.27460369496
-0.268094685285 0.602971953083 -0.126232728527 -0.268094685285 0.602971953083 -0.126232728527
-1.32721458195 0.389596472485 -0.283829956015 -1.32721458195 0.389596472485 -0.283829956015
0.519090577661 0.981966805848 2.77931661862 0.519090577661 0.981966805848 2.77931661862
-0.0305033816858 -0.391594576386 -0.8704140776 -0.0181580963183 -0.358527313844 -1.10389161633
-1.34140035751 -0.919641228655 2.84649215836 -1.34140035751 -0.919641228655 2.84649215836
-0.0494010066303 -0.00910314395286 -0.667444867438 0.139061003555 -0.491474014535 -0.467255217947
1.25858751411 0.320896934178 0.62948847143 1.25858751411 0.320896934178 0.62948847143
0.481090713287 -0.345298883983 -0.77725828076 0.341631465685 -0.316454021096 -0.868148205312
0.526159998094 0.0911802393698 -1.67184807933 0.526159998094 0.0911802393698 -1.67184807933
0.118462801942 -0.0263526060757 -1.05957745785 -0.0977495643845 0.831283872318 -0.589892747874
0.0674027967972 0.14550260025 -0.975849756881 0.33953746515 0.458270117715 -0.879345809505
0.076955339449 -0.847172330492 -3.64164342578 0.076955339449 -0.847172330492 -3.64164342578
-0.429417852251 0.270496838397 -1.42975812126 -0.117690658864 0.206443516204 -1.09582375361
0.707592580573 -1.77170677854 0.813994537955 0.707592580573 -1.77170677854 0.813994537955
0.348192907668 0.460935878625 -0.747452759169 0.257393133259 0.416037493506 -1.13683977635
0.923988245222 0.334539900649 -5.96299984736 0.923988245222 0.334539900649 -5.96299984736
-0.34464220579 0.46711013418 0.427515882043 -0.34464220579 0.46711013418 0.427515882043
0.0482796155125 1.09211315753 -0.69592149498 -0.0870221643125 1.27340471982 -0.286426581789
-0.0603322187786 0.0984525393399 0.121680328791 0.166745151964 -0.0869583330853 -0.0500863429515
0.277867984866 -0.683658785085 0.18671307992 0.277867984866 -0.683658785085 0.18671307992
-0.506605306181 0.552052564201 0.699259834802 -0.712622135781 0.619756286321 0.227663763453
-0.672839384948 -0.541227363574 -2.5957590081 -0.672839384948 -0.541227363574 -2.5957590081
0.585302610364 0.0116970304277 -0.0664970514298 0.177399264015 0.39906090016 0.0535735792521
-1.78583755809 0.187759989727 2.12895719907 -1.78583755809 0.187759989727 2.12895719907
-0.429149395273 -0.787617840672 -5.93935478146 -0.429149395273 -0.787617840672 -5.93935478146
0.33953746515 0.458270117715 -0.879345809505 0.0826136348403 0.186706613023 -1.1064400131
0.0620646916077 -0.182749653449 -1.06259199649 -0.447890253679 -0.0179736706119 -1.39308648845
-0.708373935829 -0.639199700085 0.441060633415 -0.792116125887 -0.918105994154 0.370105044575
0.464413805408 -0.898704420775 1.15219718105 0.370457600595 -1.08945972005 1.11635231737
1.07868257013 -0.18713987065 0.191385756947 1.07868257013 -0.18713987065 0.191385756947
0.368479119696 -0.222970343273 -0.963161072201 0.229954144584 -0.131066674306 -0.806866931084
-0.155355634074 0.441217486316 -0.906707946919 -0.0910333426486 0.46390610305 -0.627431326548
-0.733361201004 0.977950667476 4.41620877946 -0.733361201004 0.977950667476 4.41620877946
-0.231081044417 0.269471625187 -0.244739946741 -0.688401810797 0.037937263372 -0.407996103827
0.0515512009354 -0.590978897534 0.0962361270036 0.0515512009354 -0.590978897534 0.0962361270036
-0.516043142973 1.70318836754 -3.76386413924 -0.516043142973 1.70318836754 -3.76386413924
-0.29153870941 0.139315080129 0.248698056934 -0.174367517558 0.25659014952 0.0533704268958
-0.0038095702935 -0.514817752603 -0.114150492526 -0.101850520092 -0.561457420825 -0.130327259493
0.696542575862 -0.82791998551 0.633695394288 0.373908289719 -0.465921043622 0.791230531179
-0.084371991941 -0.455708297537 -0.794219858629 -0.0305033816858 -0.391594576386 -0.8704140776
-0.0940919876938 0.127615441872 0.109820875205 0.244859096884 0.350978963888 -0.178627567171
-0.630272121286 -0.368462791026 -0.0371314287264 -0.638379618755 0.0954987365405 -0.082106235482
0.277457897056 -1.1631935326 1.69499931828 0.329156412753 -0.987098603024 1.27597913932
-0.119657909971 0.386416942754 -3.80161829993 -0.119657909971 0.386416942754 -3.80161829993
-0.101050432858 0.0568968885725 0.509965901103 -0.525894328147 0.435421916898 0.527886629829
-0.306679580647 0.208979532117 0.430734158788 -0.397200530827 0.146937326612 0.276880521595
-1.86797428039 -0.128070661744 -2.32169308816 -1.86797428039 -0.128070661744 -2.32169308816
-0.804801691368 -0.181916833056 -1.70496189386 -0.839631396978 0.309181481874 -1.77132199498
-0.153470826292 0.609796616993 0.0625115020734 -0.241088397676 1.03222156888 -0.200103275533
0.120254127337 0.392295277187 -1.11450808014 0.212369437868 0.283563656268 -0.949079721844
1.9571138694 -0.49713255219 4.9671620951 1.9571138694 -0.49713255219 4.9671620951
0.946506070637 0.29488435715 3.25418052135 0.946506070637 0.29488435715 3.25418052135
2.20041565442 -0.0909257988631 2.9516139466 2.20041565442 -0.0909257988631 2.9516139466
-0.0282141940205 0.315069313322 -0.0129601271719 -0.418656483237 0.216205638556 -0.439301244417
