-1.00590027431 0.153019608024 -1.57593055549 -1.00590027431 0.153019608024 -1.57593055549
-1.70588609717 0.0907991966369 4.13936077376 -1.70588609717 0.0907991966369 4.13936077376
-2.41532879397 -0.25348263331 3.2849638947 -2.41532879397 -0.25348263331 3.2849638947
-4.28079357093 -1.05356786626 1.72856491273 -4.28079357093 -1.05356786626 1.72856491273
1.48219303412 0.293318517392 -7.13143858684 1.48219303412 0.293318517392 -7.13143858684
-5.01773122663 0.826274649802 -2.99760335074 -5.01773122663 0.826274649802 -2.99760335074
-5.07583248401 0.515842860987 -0.844182928643 -5.05303762446 0.459817607538 -0.701899289796
0.675088962569 -0.256681271243 0.684148616131 0.675088962569 -0.256681271243 0.684148616131
9.32626084717 0.981655761554 -1.10084892587 9.32626084717 0.981655761554 -1.10084892587
-6.19693855167 0.113457859618 5.2194673493 -6.19693855167 0.113457859618 5.2194673493
-0.0661801483036 -0.581312852054 1.6193521304 -0.0661801483036 -0.581312852054 1.6193521304
-1.35259462786 0.373812682405 7.47280700195 -1.35259462786 0.373812682405 7.47280700195
0.555882800747 0.875744666548 -0.968114393973 0.555882800747 0.875744666548 -0.968114393973
0.252810930379 -0.514466256899 -3.44561926531 0.252810930379 -0.514466256899 -3.44561926531
-4.82514621886 0.587110018585 -0.679883941036 -4.82514621886 0.587110018585 -0.679883941036
-2.73031720721 -0.975317618111 7.20408473509 -2.73031720721 -0.975317618111 7.20408473509
-5.06521955401 1.13450567762 -8.30519082565 -5.06521955401 1.13450567762 -8.30519082565
-0.261869229804 0.216689987267 -6.96121655147 -0.261869229804 0.216689987267 -6.96121655147
2.2321284304 -0.373616963551 -4.50305431041 2.2321284304 -0.373616963551 -4.50305431041
7.03136258155 0.112736517245 8.39784860127 7.03136258155 0.112736517245 8.39784860127
-9.90731345127 -0.392469880947 7.37099897223 -9.90731345127 -0.392469880947 7.37099897223
3.51609407598 0.641772617958 -3.96228701405 3.51609407598 0.641772617958 -3.96228701405
5.50440001431 1.27360423411 -6.29350893351 5.50440001431 1.27360423411 -6.29350893351
0.642498721476 -0.410908144626 4.66650057797 0.642498721476 -0.410908144626 4.66650057797
4.40191401298 -1.05861062374 -6.14858271139 4.40191401298 -1.05861062374 -6.14858271139
-6.01298001902 -1.92906546539 -0.165847683772 -6.01298001902 -1.92906546539 -0.165847683772
-7.59207961837 -0.0559773857805 -4.16542293216 -7.59207961837 -0.0559773857805 -4.16542293216
-2.06135273934 -0.520484087656 7.8345198578 -2.06135273934 -0.520484087656 7.8345198578
-1.11560174044 0.378175978953 1.0757930935 -1.11560174044 0.378175978953 1.0757930935
-1.03310545073 0.64226262692 -2.8495788996 -1.03310545073 0.64226262692 -2.8495788996
2.50213453435 -0.124452742716 -0.0410073803361 2.50213453435 -0.124452742716 -0.0410073803361
1.91336938161 0.316132154819 3.8803224461 1.91336938161 0.316132154819 3.8803224461
-4.73494931865 0.617287058992 -0.14260187064 -4.73494931865 0.617287058992 -0.14260187064
-2.97584687618 -1.88376241238 -1.13864344097 -2.97584687618 -1.88376241238 -1.13864344097
-3.81961086989 0.63104302305 -6.5897417134 -3.81961086989 0.63104302305 -6.5897417134
-2.21097879857 -0.562745286658 5.73644010208 -2.21097879857 -0.562745286658 5.73644010208
-3.53545412249 0.650125805672 -0.845297518948 -3.53545412249 0.650125805672 -0.845297518948
4.49555008579 -0.153300849866 0.185633085531 4.49555008579 -0.153300849866 0.185633085531
-2.62530622575 0.818893429318 6.31423406475 -2.62530622575 0.818893429318 6.31423406475
2.65855315811 0.855601378842 1.52450606532 2.65855315811 0.855601378842 1.52450606532
-0.736948604258 0.651118415855 -5.05845904641 -0.736948604258 0.651118415855 -5.05845904641
4.90621011482 -1.10937710815 0.148868145126 4.90621011482 -1.10937710815 0.148868145126
-9.8518744596 -0.961538744139 -0.950706391511 -9.8518744596 -0.961538744139 -0.950706391511
-4.72104097888 1.23140658582 -0.986516478973 -4.72104097888 1.23140658582 -0.986516478973
1.15842580788 -0.678239364169 4.31303701449 1.15842580788 -0.678239364169 4.31303701449
-3.39986339714 -0.423385311725 -3.13942855683 -3.39986339714 -0.423385311725 -3.13942855683
-0.24313361895 -0.437538109514 2.38576210756 -0.24313361895 -0.437538109514 2.38576210756
-1.20672469967 -0.954666813885 3.13998718483 -1.20672469967 -0.954666813885 3.13998718483
6.07789790931 0.589937620397 0.650507585131 6.07789790931 0.589937620397 0.650507585131
-3.57157173787 0.379211612515 6.68508784607 -3.57157173787 0.379211612515 6.68508784607
0.255019978641 0.364228287499 2.53182678408 0.255019978641 0.364228287499 2.53182678408
-3.43800434606 -0.999036501671 5.34872008489 -3.43800434606 -0.999036501671 5.34872008489
0.921543778167 0.411943516655 -2.90439904227 0.921543778167 0.411943516655 -2.90439904227
0.673793228078 1.13221170994 5.05588822116 0.673793228078 1.13221170994 5.05588822116
1.21052047467 -0.441562751757 -5.65159353413 1.21052047467 -0.441562751757 -5.65159353413
1.52152467251 -0.406466392415 -0.801077746801 1.52152467251 -0.406466392415 -0.801077746801
-11.3286703093 0.0306949771469 0.605391889124 -11.3286703093 0.0306949771469 0.605391889124
0.703096139851 -1.01495822177 0.339015184552 0.703096139851 -1.01495822177 0.339015184552
-3.13809915252 -0.06449054953 2.70766127176 -3.13809915252 -0.06449054953 2.70766127176
-4.59549783359 1.0553919437 -2.68811445726 -4.59549783359 1.0553919437 -2.68811445726
2.68631609301 0.157717282486 -2.77842715447 2.68631609301 0.157717282486 -2.77842715447
0.488971783883 0.563130949814 7.8868753026 0.488971783883 0.563130949814 7.8868753026
-0.0434556271663 -0.593908066722 6.0733365207 -0.0434556271663 -0.593908066722 6.0733365207
-1.66614082579 0.68414660803 3.55873843629 -1.66614082579 0.68414660803 3.55873843629
-1.62576521212 -0.731354816847 -5.49171203773 -1.62576521212 -0.731354816847 -5.49171203773
-5.12283305081 -0.704030652478 3.98897087684 -5.12283305081 -0.704030652478 3.98897087684
-4.86856660304 -0.694497257803 -0.244661863426 -4.86856660304 -0.694497257803 -0.244661863426
1.26143915188 -0.447051846042 3.23290621296 1.26143915188 -0.447051846042 3.23290621296
1.72213814371 -0.441299160147 -4.16449817478 1.72213814371 -0.441299160147 -4.16449817478
5.45993224738 -0.344211664943 -2.41882569106 5.45993224738 -0.344211664943 -2.41882569106
-0.0180574885754 1.15237756104 -1.93768718172 -0.0180574885754 1.15237756104 -1.93768718172
5.78866770148 -1.31338551469 -9.58866184384 5.78866770148 -1.31338551469 -9.58866184384
-3.66157013668 0.0708760975225 1.57392094525 -3.66157013668 0.0708760975225 1.57392094525
-1.5297145 0.0269074529746 -4.42825145167 -1.5297145 0.0269074529746 -4.42825145167
1.41093143295 2.3729273892 -3.05347684114 1.41093143295 2.3729273892 -3.05347684114
-0.206141810224 -0.613971626861 6.74630716866 -0.206141810224 -0.613971626861 6.74630716866
-1.61756482013 0.0149362734487 -4.76478817157 -1.61756482013 0.0149362734487 -4.76478817157
-2.52521326432 0.101105274375 -0.564234529167 -2.52521326432 0.101105274375 -0.564234529167
6.94161889461 0.549190455547 4.5913040911 6.94161889461 0.549190455547 4.5913040911
1.34939803103 -0.586286726867 -3.81754561955 1.34939803103 -0.586286726867 -3.81754561955
-0.404639653198 -0.10561370942 0.907418653815 -0.404639653198 -0.10561370942 0.907418653815
-4.30996856492 -0.399669633231 2.39207323262 -4.30996856492 -0.399669633231 2.39207323262
4.79294206502 -1.32526039214 14.5161545159 4.79294206502 -1.32526039214 14.5161545159
2.51413303899 0.205006520934 6.94217644664 2.51413303899 0.205006520934 6.94217644664
-8.23099222882 0.568674705674 -2.09074314051 -8.23099222882 0.568674705674 -2.09074314051
0.374340027615 0.0377916565166 9.80998310513 0.374340027615 0.0377916565166 9.80998310513
-1.34360570827 -0.227708814839 3.08985611037 -1.34360570827 -0.227708814839 3.08985611037
-0.138645647811 -0.804556966379 -1.17083485314 -0.138645647811 -0.804556966379 -1.17083485314
-3.01589497561 1.48927510935 -0.850678108605 -3.01589497561 1.48927510935 -0.850678108605
2.30185256455 1.56075891298 5.89453619532 2.30185256455 1.56075891298 5.89453619532
-5.85556151791 0.617992687064 -5.71912555031 -5.85556151791 0.617992687064 -5.71912555031
3.48640760013 0.344103051813 -4.03254301486 3.48640760013 0.344103051813 -4.03254301486
4.38338713879 0.940430405355 -10.1419783388 4.38338713879 0.940430405355 -10.1419783388
-7.5731132522 0.860858717309 -2.1262361388 -7.5731132522 0.860858717309 -2.1262361388
5.27388971643 0.349768671362 0.231567453143 5.27388971643 0.349768671362 0.231567453143
-3.03289685313 0.375785093438 3.55540949426 -3.03289685313 0.375785093438 3.55540949426
-2.95334272698 -0.817423940182 4.37169440831 -2.95334272698 -0.817423940182 4.37169440831
4.25828582497 -0.6860911068 -7.35443452548 4.25828582497 -0.6860911068 -7.35443452548
-2.782318225 -0.176325575196 -1.05168424326 -2.782318225 -0.176325575196 -1.05168424326
1.16709240154 0.0490651291738 3.65102677896 1.16709240154 0.0490651291738 3.65102677896
-2.62076290565 0.3329904941 1.2690571216 -2.62076290565 0.3329904941 1.2690571216
5.03877832716 -1.07494986961 0.536950404423 5.03877832716 -1.07494986961 0.536950404423
2.40881196083 -1.51750274031 3.71412742268 2.40881196083 -1.51750274031 3.71412742268
-2.20167807126 -0.0970891909581 0.840774623342 -2.20167807126 -0.0970891909581 0.840774623342
-1.98214394587 0.621660385515 -5.42004352328 -1.98214394587 0.621660385515 -5.42004352328
-1.70758289843 1.55505858019 -2.05165683642 -1.70758289843 1.55505858019 -2.05165683642
0.337043310534 0.482224679057 -0.108958668878 0.337043310534 0.482224679057 -0.108958668878
5.00599280483 -0.0026644078336 1.28348834917 5.00599280483 -0.0026644078336 1.28348834917
-1.67882631629 -0.127310703254 -0.887533440322 -1.67882631629 -0.127310703254 -0.887533440322
-5.82255507136 -0.039277478267 2.23711825237 -5.82255507136 -0.039277478267 2.23711825237
4.74876229278 0.760770737921 -0.790961636847 4.74876229278 0.760770737921 -0.790961636847
3.472436341 1.63488925215 -6.65132703427 3.472436341 1.63488925215 -6.65132703427
0.997499097531 0.633401962958 -1.55089512829 0.997499097531 0.633401962958 -1.55089512829
-7.56251206534 -2.04309928236 0.445971360732 -7.56251206534 -2.04309928236 0.445971360732
4.3313708401 -0.721377410753 4.40952727431 4.3313708401 -0.721377410753 4.40952727431
-3.41348794083 -1.23676898461 -3.2059165472 -3.41348794083 -1.23676898461 -3.2059165472
-7.1416565646 -0.422098961987 -3.26470601138 -7.1416565646 -0.422098961987 -3.26470601138
3.87638675385 0.398393647839 -0.179247842916 3.87638675385 0.398393647839 -0.179247842916
-2.22204759667 0.31411193957 2.76864275966 -2.22204759667 0.31411193957 2.76864275966
0.619047092032 -0.22176120984 -2.462296898 0.619047092032 -0.22176120984 -2.462296898
0.103778616277 0.736300079101 -0.0916080955021 0.103778616277 0.736300079101 -0.0916080955021
-1.37728461282 0.427578539034 5.3333413934 -1.37728461282 0.427578539034 5.3333413934
2.39750298908 1.23079411369 -0.784540517794 2.39750298908 1.23079411369 -0.784540517794
1.98278022007 0.318672694005 -0.446677785272 1.98278022007 0.318672694005 -0.446677785272
0.378775452413 -0.543724597426 0.320917291813 0.378775452413 -0.543724597426 0.320917291813
-3.99997247177 0.426795166585 -0.694913488588 -3.99997247177 0.426795166585 -0.694913488588
1.95668757724 -0.546721098138 -1.68583330834 1.95668757724 -0.546721098138 -1.68583330834
0.387554786546 -1.95245453219 -1.2990314057 0.387554786546 -1.95245453219 -1.2990314057
-9.14691989744 0.181110097109 -6.42860659398 -9.14691989744 0.181110097109 -6.42860659398
-4.29030524027 0.534997041484 -6.41115726233 -4.29030524027 0.534997041484 -6.41115726233
1.18132485578 -0.580033567853 -10.096598883 1.18132485578 -0.580033567853 -10.096598883
5.8162974512 0.395130712596 -1.30091801685 5.8162974512 0.395130712596 -1.30091801685
-0.255959663218 -0.0807268620816 -3.81670287846 -0.255959663218 -0.0807268620816 -3.81670287846
2.94789272052 0.250117793762 -2.26283207136 2.94789272052 0.250117793762 -2.26283207136
-1.55892835788 -0.436213502991 -1.38243579311 -1.55892835788 -0.436213502991 -1.38243579311
-0.858174838388 0.530245491599 -5.89559523566 -0.858174838388 0.530245491599 -5.89559523566
3.17306100313 0.448352395102 -1.37131678847 3.17306100313 0.448352395102 -1.37131678847
0.936907258318 -0.765962289418 -1.57061205375 0.936907258318 -0.765962289418 -1.57061205375
-7.05930009366 -1.17829600538 3.58503311434 -7.05930009366 -1.17829600538 3.58503311434
-5.7544165688 -0.00978967261732 -0.758916823306 -5.7544165688 -0.00978967261732 -0.758916823306
6.99394144389 1.27048449178 1.45151489999 6.99394144389 1.27048449178 1.45151489999
0.504134983972 0.876643197433 -7.00986484114 0.504134983972 0.876643197433 -7.00986484114
5.73786038574 0.147428896936 6.44144206076 5.73786038574 0.147428896936 6.44144206076
-0.0157972187075 0.956601480753 -6.6556081207 -0.0157972187075 0.956601480753 -6.6556081207
-3.20024963111 0.384668637562 0.795741820803 -3.20024963111 0.384668637562 0.795741820803
-0.707397914121 -1.1329232867 -1.68857733493 -0.707397914121 -1.1329232867 -1.68857733493
-6.28742680369 -0.274539302692 -2.02768514964 -6.28742680369 -0.274539302692 -2.02768514964
-3.58151896559 0.555864942171 -0.212494571891 -3.58151896559 0.555864942171 -0.212494571891
-3.23294516191 0.93984230796 0.715665499799 -3.23294516191 0.93984230796 0.715665499799
10.5017680935 -0.8881331114 -0.83141350186 10.5017680935 -0.8881331114 -0.83141350186
-2.99235641341 -1.66042568438 4.14386414843 -2.99235641341 -1.66042568438 4.14386414843
-5.82673858008 0.293154396974 3.13265936521 -5.82673858008 0.293154396974 3.13265936521
3.6205980333 0.496013735208 3.3827035499 3.6205980333 0.496013735208 3.3827035499
-6.60938023088 0.929871528087 -3.26309822688 -6.60938023088 0.929871528087 -3.26309822688
3.21642262622 0.111968798185 -3.37703476436 3.21642262622 0.111968798185 -3.37703476436
4.19911027283 -1.91967641127 -2.00905154298 4.19911027283 -1.91967641127 -2.00905154298
-2.83226151068 0.105171290311 -0.313112835798 -2.83226151068 0.105171290311 -0.313112835798
-3.77024361346 -0.715340003024 -1.87238205367 -3.77024361346 -0.715340003024 -1.87238205367
0.152148794146 0.254245310866 -5.36167233646 0.152148794146 0.254245310866 -5.36167233646
5.25732532213 0.0885877541245 2.56864730842 5.25732532213 0.0885877541245 2.56864730842
5.02258002188 -0.0225745738915 -2.84621155221 5.02258002188 -0.0225745738915 -2.84621155221
4.07954146029 0.250361412221 -3.14629793086 4.07954146029 0.250361412221 -3.14629793086
-0.998556469911 0.504646561057 -0.650800278914 -0.820565733163 0.122477167598 -0.464269660538
1.38549228254 -0.0998659630949 0.527680503908 1.38549228254 -0.0998659630949 0.527680503908
-0.33608042176 -1.09801442805 1.65023810819 -0.33608042176 -1.09801442805 1.65023810819
4.05578877468 1.23383640121 3.68369797794 4.05578877468 1.23383640121 3.68369797794
0.43452843414 -1.25659726547 -1.33121629353 0.43452843414 -1.25659726547 -1.33121629353
3.47570423489 1.86797460186 2.65701512492 3.47570423489 1.86797460186 2.65701512492
1.08702806641 1.63644420011 -9.52739561447 1.08702806641 1.63644420011 -9.52739561447
2.39846139282 -1.01853578973 0.146053169926 2.39846139282 -1.01853578973 0.146053169926
5.12643793603 0.561711040774 -1.94616602026 5.12643793603 0.561711040774 -1.94616602026
2.20912610855 0.336377818112 -3.00932822203 2.20912610855 0.336377818112 -3.00932822203
-0.254043310522 0.271667395379 2.9996311825 -0.254043310522 0.271667395379 2.9996311825
-0.47950686064 0.072797179329 -0.426992298164 -0.47950686064 0.072797179329 -0.426992298164
2.49755119981 -0.596568580527 2.09938023429 2.49755119981 -0.596568580527 2.09938023429
-0.171686521338 0.00745338983327 2.80712077603 -0.171686521338 0.00745338983327 2.80712077603
-5.54554081665 0.0949401450526 -4.50986681026 -5.54554081665 0.0949401450526 -4.50986681026
-4.35380438064 -1.26926176566 5.72324620997 -4.35380438064 -1.26926176566 5.72324620997
6.55171030783 -0.624018353361 8.48998965174 6.55171030783 -0.624018353361 8.48998965174
-4.61928031158 -1.34986755984 -0.237660908542 -4.61928031158 -1.34986755984 -0.237660908542
-0.913117410104 1.30857045371 -0.555172826234 -0.913117410104 1.30857045371 -0.555172826234
6.53576306058 0.968515581972 8.37264931046 6.53576306058 0.968515581972 8.37264931046
-7.31588459635 0.859322193125 11.9383010792 -7.31588459635 0.859322193125 11.9383010792
5.92502608767 1.09952981314 1.7859382527 5.92502608767 1.09952981314 1.7859382527
-4.97581039599 0.178565881258 0.657616624533 -4.97581039599 0.178565881258 0.657616624533
1.16046447631 0.0904972429121 -3.9791858257 1.16046447631 0.0904972429121 -3.9791858257
-1.10706983571 0.201434185201 5.70794385512 -1.10706983571 0.201434185201 5.70794385512
-4.04177167263 -1.01699349963 2.97885571014 -4.04177167263 -1.01699349963 2.97885571014
0.359653499016 -0.609674685201 0.17804948499 0.359653499016 -0.609674685201 0.17804948499
0.43305300499 -0.510856765549 4.85572527112 0.43305300499 -0.510856765549 4.85572527112
0.486301607527 -0.264411442043 -4.81177733524 0.486301607527 -0.264411442043 -4.81177733524
-5.32520850011 0.736138980977 6.98277773791 -5.32520850011 0.736138980977 6.98277773791
-1.05790384425 0.514435355547 3.96046363204 -1.05790384425 0.514435355547 3.96046363204
-6.00513774673 -0.608435445858 3.32007090063 -6.00513774673 -0.608435445858 3.32007090063
-3.25005554351 0.900817460462 2.80203117634 -3.25005554351 0.900817460462 2.80203117634
3.51954615059 0.780964476347 0.00580351296415 3.51954615059 0.780964476347 0.00580351296415
1.11074490287 -0.226285353246 0.446801161771 1.11074490287 -0.226285353246 0.446801161771
-1.13215139785 0.905357814953 0.37257185445 -1.13215139785 0.905357814953 0.37257185445
6.24849687434 1.30041300021 1.02663437828 6.24849687434 1.30041300021 1.02663437828
-8.49815397807 0.842532214967 4.7421946417 -8.49815397807 0.842532214967 4.7421946417
3.69497599408 0.537511086548 -0.661750538917 3.69497599408 0.537511086548 -0.661750538917
-3.11842090354 0.813871252704 -0.28261949941 -3.11842090354 0.813871252704 -0.28261949941
-1.75546389135 0.68317405177 -8.69027891866 -1.75546389135 0.68317405177 -8.69027891866
4.15969130903 0.197877207739 -1.38421613287 4.15969130903 0.197877207739 -1.38421613287
1.05443400349 -0.852266480528 5.09415761892 1.05443400349 -0.852266480528 5.09415761892
-7.96376112848 -0.732922727798 7.22120350388 -7.96376112848 -0.732922727798 7.22120350388
2.95612019405 -1.40665456351 -4.45530309322 2.95612019405 -1.40665456351 -4.45530309322
0.929853354133 0.0621785701405 -1.6051659997 0.929853354133 0.0621785701405 -1.6051659997
2.56496561401 -1.24608387829 -2.89397266179 2.56496561401 -1.24608387829 -2.89397266179
5.49289785758 0.876700588326 1.77201115413 5.49289785758 0.876700588326 1.77201115413
-6.00536216435 -1.10117978567 -3.11536582929 -6.00536216435 -1.10117978567 -3.11536582929
-1.46247207914 1.80079787224 4.66400117359 -1.46247207914 1.80079787224 4.66400117359
-4.95461707206 0.238532752394 0.92979513582 -4.95461707206 0.238532752394 0.92979513582
-0.4647274981 0.582605956546 3.75723041446 -0.4647274981 0.582605956546 3.75723041446
1.61955095108 -0.848324103286 5.43175913844 1.61955095108 -0.848324103286 5.43175913844
-2.06447513016 -0.167265452988 2.38106664946 -2.06447513016 -0.167265452988 2.38106664946
1.38074911084 -0.090182981995 -0.301359125816 1.38074911084 -0.090182981995 -0.301359125816
6.57258207267 0.319502354197 -4.33336812762 6.57258207267 0.319502354197 -4.33336812762
-1.71542823607 -0.172461149157 -3.90137014216 -1.71542823607 -0.172461149157 -3.90137014216
-4.73512306737 0.302792063914 -4.49676747527 -4.73512306737 0.302792063914 -4.49676747527
1.37023816564 0.508277899388 -4.3943525763 1.37023816564 0.508277899388 -4.3943525763
-0.460331568222 0.716908855698 5.24024606822 -0.460331568222 0.716908855698 5.24024606822
5.22011320156 -1.28142542945 -0.681883957958 5.22011320156 -1.28142542945 -0.681883957958
-2.90486790341 1.13773385986 5.24897711521 -2.90486790341 1.13773385986 5.24897711521
9.06248798259 0.429618083069 4.11991225919 9.06248798259 0.429618083069 4.11991225919
-3.63448744317 0.123122357758 -3.19067017456 -3.63448744317 0.123122357758 -3.19067017456
3.431009606 1.75948308403 -4.97778131069 3.431009606 1.75948308403 -4.97778131069
0.0767503062068 -0.348228785728 5.43057901513 0.0767503062068 -0.348228785728 5.43057901513
0.0582150678256 0.521501412153 4.55859461502 0.0582150678256 0.521501412153 4.55859461502
-4.27902115485 0.324442332798 2.33934435591 -4.27902115485 0.324442332798 2.33934435591
-1.52341937994 -0.888157953521 2.66866117482 -1.52341937994 -0.888157953521 2.66866117482
1.58979760948 0.108491014973 3.01556644721 1.58979760948 0.108491014973 3.01556644721
5.77846305358 0.837108221165 5.71892592763 5.77846305358 0.837108221165 5.71892592763
1.57395430337 0.926512682514 -10.8692420632 1.57395430337 0.926512682514 -10.8692420632
2.92357037157 -0.651015799932 -1.88627166733 2.92357037157 -0.651015799932 -1.88627166733
4.30819362493 -0.893836443026 4.64563621653 4.30819362493 -0.893836443026 4.64563621653
-0.294585923493 0.803136720696 -2.54412396138 -0.294585923493 0.803136720696 -2.54412396138
0.312797550633 1.43801836378 -3.69758061381 0.312797550633 1.43801836378 -3.69758061381
-4.66987041314 -0.861723733901 -14.5133418135 -4.66987041314 -0.861723733901 -14.5133418135
6.99955864846 -0.0848001334636 3.09396001782 6.99955864846 -0.0848001334636 3.09396001782
-8.35993088481 0.272326226284 5.88258363922 -8.35993088481 0.272326226284 5.88258363922
-4.43115346718 -0.432616540845 2.14826012635 -4.43115346718 -0.432616540845 2.14826012635
0.318136054299 -1.32926607097 -4.30620497449 0.318136054299 -1.32926607097 -4.30620497449
-3.10186977084 -1.96268314893 -1.94309771919 -3.10186977084 -1.96268314893 -1.94309771919
-4.16721984114 -0.893612438001 3.20342076905 -4.16721984114 -0.893612438001 3.20342076905
-2.14085954568 0.936495925491 3.88202140547 -2.14085954568 0.936495925491 3.88202140547
1.30610810631 1.21893007656 1.8636751119 1.30610810631 1.21893007656 1.8636751119
0.424615961323 -1.0262516988 2.55653963525 0.424615961323 -1.0262516988 2.55653963525
3.56648158971 -0.134851712915 -0.670213557555 3.56648158971 -0.134851712915 -0.670213557555
-2.68950621614 -0.691992850104 5.87757847462 -2.68950621614 -0.691992850104 5.87757847462
3.7176342566 0.043986241827 7.4601671803 3.7176342566 0.043986241827 7.4601671803
-4.76731027849 -0.375524939132 0.756674031202 -4.76731027849 -0.375524939132 0.756674031202
-2.46803039584 0.108363008204 -1.71915390473 -2.46803039584 0.108363008204 -1.71915390473
-1.31185179191 -1.00731784332 -1.12288965351 -1.31185179191 -1.00731784332 -1.12288965351
8.29705099894 0.544608330792 7.01945140491 8.29705099894 0.544608330792 7.01945140491
-2.12294067589 -1.45544452323 -4.82752576105 -2.12294067589 -1.45544452323 -4.82752576105
-5.75447371219 -0.123169922468 -3.90198698387 -5.75447371219 -0.123169922468 -3.90198698387
0.102643221209 -0.618829434047 -1.20705487607 0.102643221209 -0.618829434047 -1.20705487607
2.67690770821 0.0378898869944 2.95820978008 2.67690770821 0.0378898869944 2.95820978008
-1.45110593025 0.98662892978 2.70878003852 -1.45110593025 0.98662892978 2.70878003852
2.1352057254 -0.834475034543 -0.913862177368 2.1352057254 -0.834475034543 -0.913862177368
-9.10872926929 1.00824289125 6.14426578964 -9.10872926929 1.00824289125 6.14426578964
3.4193517457 0.628075576448 -4.95162958023 3.4193517457 0.628075576448 -4.95162958023
-2.25279482487 0.161885128281 -3.53017800642 -2.25279482487 0.161885128281 -3.53017800642
-3.52040864254 -0.0683297598754 6.70722823019 -3.52040864254 -0.0683297598754 6.70722823019
6.85354754393 -0.659796400359 8.9050659379 6.85354754393 -0.659796400359 8.9050659379
-0.807470528488 0.0439043829385 -0.839590692627 -0.807470528488 0.0439043829385 -0.839590692627
0.284662647932 0.321474519092 -1.2856738712 0.284662647932 0.321474519092 -1.2856738712
-0.736662263828 0.439974838539 -7.89910699145 -0.736662263828 0.439974838539 -7.89910699145
-0.266288152529 -0.181466172191 5.84395269548 -0.266288152529 -0.181466172191 5.84395269548
5.31936779364 0.514650934347 -2.51046909513 5.31936779364 0.514650934347 -2.51046909513
-8.67770886546 -0.448268031506 3.06456969682 -8.67770886546 -0.448268031506 3.06456969682
-1.65258223392 -0.0665029478478 3.78851205197 -1.65258223392 -0.0665029478478 3.78851205197
10.1829957221 0.962580360881 4.69772628256 10.1829957221 0.962580360881 4.69772628256
-2.60414771399 -0.635767659992 3.40008892371 -2.60414771399 -0.635767659992 3.40008892371
-10.644312065 -0.389832942901 0.759640166834 -10.644312065 -0.389832942901 0.759640166834
1.40305844917 -1.49196348693 4.53318753764 1.40305844917 -1.49196348693 4.53318753764
3.54376930688 -0.192296901612 5.48355886134 3.54376930688 -0.192296901612 5.48355886134
-0.261965432622 -0.856670627564 0.296230987668 -0.261965432622 -0.856670627564 0.296230987668
-0.447423144262 0.558510935426 -9.32948165558 -0.447423144262 0.558510935426 -9.32948165558
3.38935570746 0.686364583644 -5.90049214485 3.38935570746 0.686364583644 -5.90049214485
-1.79207103751 0.295881385863 -3.63867301485 -1.79207103751 0.295881385863 -3.63867301485
-1.78882655931 -0.142043534444 -3.02716256784 -1.78882655931 -0.142043534444 -3.02716256784
2.93698806578 -1.66896102221 -3.86801074768 2.93698806578 -1.66896102221 -3.86801074768
0.653916509718 -1.0153064774 -1.5335492517 0.653916509718 -1.0153064774 -1.5335492517
-5.44964635447 0.690857949657 -3.53113650861 -5.44964635447 0.690857949657 -3.53113650861
9.27368802059 -0.641951719825 8.41014759248 9.27368802059 -0.641951719825 8.41014759248
0.547373045836 0.484361155548 5.08125419526 0.547373045836 0.484361155548 5.08125419526
-0.439596910417 -0.491588340436 1.26416961979 -0.439596910417 -0.491588340436 1.26416961979
0.141285338272 -0.125499157792 4.98388589865 0.141285338272 -0.125499157792 4.98388589865
4.24607718979 0.787403283451 0.651888415699 4.24607718979 0.787403283451 0.651888415699
-0.305348230117 -0.720290969525 1.89125071305 -0.305348230117 -0.720290969525 1.89125071305
-8.16323828353 0.181575359573 0.0881247302179 -8.16323828353 0.181575359573 0.0881247302179
-8.66222844875 0.0345441267646 -2.80151426128 -8.66222844875 0.0345441267646 -2.80151426128
6.40372314078 0.990044393835 -2.58907854554 6.40372314078 0.990044393835 -2.58907854554
0.377660194225 0.66956899187 2.24668048244 0.377660194225 0.66956899187 2.24668048244
-1.54783507502 2.41820251973 1.95971496892 -1.54783507502 2.41820251973 1.95971496892
-1.44320073333 -0.316497678978 -2.06374588863 -1.44320073333 -0.316497678978 -2.06374588863
-1.36490907119 0.76336702644 -0.75481629373 -1.36490907119 0.76336702644 -0.75481629373
2.33341905132 -0.259466312317 -2.01678663371 2.33341905132 -0.259466312317 -2.01678663371
9.72651916953 -1.22663419867 -6.23579811663 9.72651916953 -1.22663419867 -6.23579811663
-0.580706778409 0.0989165647858 7.29474902589 -0.580706778409 0.0989165647858 7.29474902589
4.46474498257 -0.711726401368 1.02640612944 4.46474498257 -0.711726401368 1.02640612944
-4.65526543514 0.780558083744 0.347017384436 -4.65526543514 0.780558083744 0.347017384436
-5.46855480992 -0.92046032826 5.6956258248 -5.46855480992 -0.92046032826 5.6956258248
-2.76950892518 1.04516721359 2.79759165972 -2.76950892518 1.04516721359 2.79759165972
4.86695530938 0.000208968965419 1.82912975144 4.86695530938 0.000208968965419 1.82912975144
4.5943224086 0.374515397543 -4.162431172 4.5943224086 0.374515397543 -4.162431172
-0.107719001276 1.85645345137 5.15625588747 -0.107719001276 1.85645345137 5.15625588747
-0.702726113491 -0.840036278548 -0.403229226413 -0.702726113491 -0.840036278548 -0.403229226413
1.19211886753 -0.517673921391 3.39211876238 1.19211886753 -0.517673921391 3.39211876238
0.461267029446 -0.821308028291 -0.997459746435 0.461267029446 -0.821308028291 -0.997459746435
1.26793836387 0.849110685488 -5.90947507178 1.26793836387 0.849110685488 -5.90947507178
-3.34666930758 -0.0831391792248 -2.36049522506 -3.34666930758 -0.0831391792248 -2.36049522506
1.0989802472 -0.069018586343 3.45461773079 1.0989802472 -0.069018586343 3.45461773079
2.61550138028 0.715084546639 1.83249109318 2.61550138028 0.715084546639 1.83249109318
-0.0981162894805 0.629380962511 2.38794317476 -0.0981162894805 0.629380962511 2.38794317476
-3.73792697374 0.0607006090922 1.30013439933 -3.73792697374 0.0607006090922 1.30013439933
0.236643482694 1.03273140988 1.04889624212 0.236643482694 1.03273140988 1.04889624212
0.783783766829 -0.817716803964 -0.214307045554 0.783783766829 -0.817716803964 -0.214307045554
0.0358816799722 -0.59312252201 2.01859331311 0.0358816799722 -0.59312252201 2.01859331311
1.68103288547 -0.223693959096 -0.452106304957 1.68103288547 -0.223693959096 -0.452106304957
-8.76187518495 0.531970361021 5.92540870187 -8.76187518495 0.531970361021 5.92540870187
2.87827946582 1.0989815137 6.77640877173 2.87827946582 1.0989815137 6.77640877173
-5.05303762446 0.459817607538 -0.701899289796 -5.07583248401 0.515842860987 -0.844182928643
-6.12750010414 0.327966091362 2.37221763716 -6.12750010414 0.327966091362 2.37221763716
-4.78149570619 -0.363013794803 5.00099982686 -4.78149570619 -0.363013794803 5.00099982686
-3.42057112171 1.44887676894 -4.40497954282 -3.42057112171 1.44887676894 -4.40497954282
-2.00771317335 0.212755424363 -5.00445772177 -2.00771317335 0.212755424363 -5.00445772177
0.683783198347 -0.486445237004 -1.18038242727 0.683783198347 -0.486445237004 -1.18038242727
-7.80881311035 0.195404144873 -0.0628865648593 -7.80881311035 0.195404144873 -0.0628865648593
-3.82359303882 0.381688805305 1.33331184878 -3.82359303882 0.381688805305 1.33331184878
0.0125191913731 -1.85210893747 -0.226066058214 0.0125191913731 -1.85210893747 -0.226066058214
2.24284035961 0.579298695596 6.79842465725 2.24284035961 0.579298695596 6.79842465725
7.8772747551 0.306817458705 5.49920341314 7.8772747551 0.306817458705 5.49920341314
1.50902569422 -0.70819246024 1.15404873943 1.50902569422 -0.70819246024 1.15404873943
-1.61574088084 0.195364998163 -7.34404652788 -1.61574088084 0.195364998163 -7.34404652788
-6.65412441713 1.6361050947 3.79901842181 -6.65412441713 1.6361050947 3.79901842181
4.19882764861 1.32483330159 2.91670563478 4.19882764861 1.32483330159 2.91670563478
6.98871211113 -1.39968549726 -2.36826236469 6.98871211113 -1.39968549726 -2.36826236469
-0.0796582118401 0.553410435453 -0.363138072222 -0.0796582118401 0.553410435453 -0.363138072222
-6.52325211555 -0.0990616086806 0.0772577918425 -6.52325211555 -0.0990616086806 0.0772577918425
5.65921312399 1.16507090524 2.35681461589 5.65921312399 1.16507090524 2.35681461589
-0.0690264684192 0.931389250584 7.60270147101 -0.0690264684192 0.931389250584 7.60270147101
-0.301319835401 0.302430695692 -6.19303461276 -0.301319835401 0.302430695692 -6.19303461276
7.10891728655 0.0592388865248 -8.76794499734 7.10891728655 0.0592388865248 -8.76794499734
-0.374090854076 -0.25925173971 -3.39840478608 -0.374090854076 -0.25925173971 -3.39840478608
11.8076594181 -0.210492939218 11.8920078698 11.8076594181 -0.210492939218 11.8920078698
3.56925590061 0.793949825457 -1.49455711801 3.56925590061 0.793949825457 -1.49455711801
-2.39751419147 -0.624674549635 -2.99530876201 -2.39751419147 -0.624674549635 -2.99530876201
3.16982413177 -0.417821278486 -0.48634952194 3.16982413177 -0.417821278486 -0.48634952194
-7.86413563289 -0.385312004835 -5.11496872019 -7.86413563289 -0.385312004835 -5.11496872019
2.31045227057 -0.734996595613 4.80381300678 2.31045227057 -0.734996595613 4.80381300678
3.53654002811 0.696932022511 1.5536850594 3.53654002811 0.696932022511 1.5536850594
-3.13086277695 -1.17028780827 4.10835014561 -3.13086277695 -1.17028780827 4.10835014561
3.993777452 0.306646841728 3.19490322452 3.993777452 0.306646841728 3.19490322452
2.00754202046 -0.730815780935 0.88857262881 2.00754202046 -0.730815780935 0.88857262881
-5.67309164141 1.65242688863 -1.70403855263 -5.67309164141 1.65242688863 -1.70403855263
0.7668324448 -0.81581261642 -2.89810799773 0.7668324448 -0.81581261642 -2.89810799773
6.17763306971 0.272221600495 3.35029847001 6.17763306971 0.272221600495 3.35029847001
3.20184360115 0.558568094845 0.13866372831 3.20184360115 0.558568094845 0.13866372831
-1.13380807345 -0.631058343009 -3.01030941679 -1.13380807345 -0.631058343009 -3.01030941679
-0.0538710695423 1.36769286118 3.77754132339 -0.0538710695423 1.36769286118 3.77754132339
-0.384820384329 -0.399440469961 -3.48732019287 -0.384820384329 -0.399440469961 -3.48732019287
1.9381815048 0.0998749971747 -0.35361119391 1.9381815048 0.0998749971747 -0.35361119391
-3.63413346679 0.527988490117 9.1860913906 -3.63413346679 0.527988490117 9.1860913906
-3.83772098366 0.773254124444 2.59623658977 -3.83772098366 0.773254124444 2.59623658977
1.61683830007 1.06157462894 -0.024723690481 1.61683830007 1.06157462894 -0.024723690481
-4.62576466773 -0.766803211517 -0.482516533862 -4.62576466773 -0.766803211517 -0.482516533862
1.86401553482 1.70718492333 7.72764228038 1.86401553482 1.70718492333 7.72764228038
2.5577495119 0.717472734395 1.09877161611 2.5577495119 0.717472734395 1.09877161611
0.653468217856 0.19372701789 2.88488705551 0.653468217856 0.19372701789 2.88488705551
7.64484833899 -1.12369985123 18.4239566191 7.64484833899 -1.12369985123 18.4239566191
-1.32067327118 1.13366440445 -2.42835919062 -1.32067327118 1.13366440445 -2.42835919062
0.992317307423 -0.847044626149 -0.378254065418 0.992317307423 -0.847044626149 -0.378254065418
2.6960992437 -0.714930635494 -4.40485394449 2.6960992437 -0.714930635494 -4.40485394449
-2.91052389288 0.138975625038 0.603788348699 -2.91052389288 0.138975625038 0.603788348699
-2.21456521729 -0.349081752119 2.5779607571 -2.21456521729 -0.349081752119 2.5779607571
-2.1810101976 0.885090267065 -8.63689374631 -2.1810101976 0.885090267065 -8.63689374631
0.24928712598 -1.27035809586 -0.380525731446 0.24928712598 -1.27035809586 -0.380525731446
-2.10949195639 0.777234426446 -2.65297133996 -2.10949195639 0.777234426446 -2.65297133996
-7.13681781383 0.158748355014 0.142476688098 -7.13681781383 0.158748355014 0.142476688098
-1.02778873532 0.0485951295691 2.03308985795 -1.02778873532 0.0485951295691 2.03308985795
3.29731891487 0.933231484 -0.14078816914 3.29731891487 0.933231484 -0.14078816914
-2.79363251581 -0.862837342607 -5.90172726374 -2.79363251581 -0.862837342607 -5.90172726374
-3.97086769742 -0.486565124095 -0.514938407376 -3.97086769742 -0.486565124095 -0.514938407376
-3.48307952641 -0.39336012429 1.39048568017 -3.48307952641 -0.39336012429 1.39048568017
-2.5770874533 -0.848987894484 0.247861163041 -2.5770874533 -0.848987894484 0.247861163041
0.743062938053 1.14865719992 3.94706893072 0.743062938053 1.14865719992 3.94706893072
0.750173126318 1.20410153416 5.71757345517 0.750173126318 1.20410153416 5.71757345517
0.273806024911 -1.08309180399 -0.917129236162 0.273806024911 -1.08309180399 -0.917129236162
-0.914976540487 0.56670013182 -1.33681439324 -0.914976540487 0.56670013182 -1.33681439324
-2.20226550303 -0.815380342553 5.52883520203 -2.20226550303 -0.815380342553 5.52883520203
0.387189370562 -0.406385044852 3.47535736969 0.387189370562 -0.406385044852 3.47535736969
5.26834926063 -0.357087125106 -0.168005521596 5.26834926063 -0.357087125106 -0.168005521596
-1.69168913732 0.873282883859 -6.57352926423 -1.69168913732 0.873282883859 -6.57352926423
-7.16470812934 0.0225744079286 13.5135500781 -7.16470812934 0.0225744079286 13.5135500781
3.88961974993 -0.124586196453 -2.53878687334 3.88961974993 -0.124586196453 -2.53878687334
1.62211186039 0.18883370369 2.95227480796 1.62211186039 0.18883370369 2.95227480796
-2.1235427033 0.176309601351 1.91773624459 -2.1235427033 0.176309601351 1.91773624459
2.04163648821 2.53230842478 1.58212000035 2.04163648821 2.53230842478 1.58212000035
-0.535951119158 1.63109518514 -1.84578352633 -0.535951119158 1.63109518514 -1.84578352633
4.09046317987 -0.174868166246 -8.22245241907 4.09046317987 -0.174868166246 -8.22245241907
-1.71460662163 -0.300878275141 -2.01821907195 -1.71460662163 -0.300878275141 -2.01821907195
0.517378778198 0.415588976184 1.67222911893 0.517378778198 0.415588976184 1.67222911893
-0.217978980738 0.276408699622 6.90067347534 -0.217978980738 0.276408699622 6.90067347534
6.59974852756 1.31396222694 -4.03831335098 6.59974852756 1.31396222694 -4.03831335098
3.87813110759 0.998724998372 0.135030341149 3.87813110759 0.998724998372 0.135030341149
-3.63078375004 0.174638356296 0.531846051124 -3.63078375004 0.174638356296 0.531846051124
-1.74221598477 0.898057423082 -12.4458872095 -1.74221598477 0.898057423082 -12.4458872095
-2.22316979495 -0.29120969593 -0.304355988292 -2.22316979495 -0.29120969593 -0.304355988292
2.57501513668 -0.5301937963 -0.35296953319 2.57501513668 -0.5301937963 -0.35296953319
-0.823357497277 0.502340199438 -9.49063382995 -0.823357497277 0.502340199438 -9.49063382995
-0.820565733163 0.122477167598 -0.464269660538 -0.998556469911 0.504646561057 -0.650800278914
2.768445886 -0.81608118455 2.52979347174 2.768445886 -0.81608118455 2.52979347174
7.54014187546 1.06757968868 1.01979724055 7.54014187546 1.06757968868 1.01979724055
4.05433878455 1.0179546383 -3.46150923573 4.05433878455 1.0179546383 -3.46150923573
0.695927753504 1.21273446846 -0.725134291768 0.695927753504 1.21273446846 -0.725134291768
-3.48324990434 -0.472965841099 5.26866318817 -3.48324990434 -0.472965841099 5.26866318817
4.61613352392 -0.172267438279 2.09530844897 4.61613352392 -0.172267438279 2.09530844897
-4.72750904476 -1.40672030227 -1.44452097835 -4.72750904476 -1.40672030227 -1.44452097835
3.93133340564 -0.235619214794 -5.03860596112 3.93133340564 -0.235619214794 -5.03860596112
9.15221714084 -0.971157864758 -1.15097746724 9.15221714084 -0.971157864758 -1.15097746724
1.41534301952 0.280605947577 -1.48048557762 1.41534301952 0.280605947577 -1.48048557762
1.57548188006 0.0532658714854 -8.44453140093 1.57548188006 0.0532658714854 -8.44453140093
7.30556062528 -0.0962035880541 3.19906857461 7.30556062528 -0.0962035880541 3.19906857461
-0.560540281946 0.422632324745 -2.94508275047 -0.560540281946 0.422632324745 -2.94508275047
3.25287419357 0.132213921032 3.88768189634 3.25287419357 0.132213921032 3.88768189634
-1.05966500579 0.478231043993 -4.71465139055 -1.05966500579 0.478231043993 -4.71465139055
2.28765086983 -0.786730311663 -0.0260359500366 2.28765086983 -0.786730311663 -0.0260359500366
-1.98675024372 1.66896566281 -3.2830929415 -1.98675024372 1.66896566281 -3.2830929415
-2.64584536016 0.195875136103 1.02701654095 -2.64584536016 0.195875136103 1.02701654095
-3.04372072808 1.05855387949 3.85098984827 -3.04372072808 1.05855387949 3.85098984827
8.48870414096 3.86338566002 1.35625884891 8.48870414096 3.86338566002 1.35625884891
3.12497159877 -0.492717286675 3.40798236986 3.12497159877 -0.492717286675 3.40798236986
-6.0699110418 1.07000576715 0.316162629428 -6.0699110418 1.07000576715 0.316162629428
-4.8588215941 -0.136315253184 -4.88852349764 -4.8588215941 -0.136315253184 -4.88852349764
5.50892907053 -1.50780534318 -0.698391668008 5.50892907053 -1.50780534318 -0.698391668008
-7.50446187507 -0.800028452715 5.7672994522 -7.50446187507 -0.800028452715 5.7672994522
-3.33503495846 -0.931709339389 -4.99184831176 -3.33503495846 -0.931709339389 -4.99184831176
7.29035820788 0.0772122421215 -3.45345225202 7.29035820788 0.0772122421215 -3.45345225202
-3.49892722576 -0.498785178212 -4.44452586013 -3.49892722576 -0.498785178212 -4.44452586013
3.10399905972 -0.00873693427705 -0.123942824968 3.10399905972 -0.00873693427705 -0.123942824968
-2.73109475021 1.31297554115 -1.10717551274 -2.73109475021 1.31297554115 -1.10717551274
-1.33564200645 -0.528061128731 1.91932715528 -1.33564200645 -0.528061128731 1.91932715528
-4.52896163716 1.08590324343 -2.7329797498 -4.52896163716 1.08590324343 -2.7329797498
-3.20721127576 0.513264324017 1.26363855151 -3.20721127576 0.513264324017 1.26363855151
2.74913435107 -0.976618652067 -1.08983062168 2.74913435107 -0.976618652067 -1.08983062168
-3.16024418784 0.386756445086 4.35941542728 -3.16024418784 0.386756445086 4.35941542728
2.44832112004 -0.118139242509 -5.25128301376 2.44832112004 -0.118139242509 -5.25128301376
3.43510662099 0.178600975027 1.74484128461 3.43510662099 0.178600975027 1.74484128461
-2.14170141684 0.471334635527 2.94867498263 -2.14170141684 0.471334635527 2.94867498263
-4.24000515 -0.0426360678417 6.954316776 -4.24000515 -0.0426360678417 6.954316776
-1.83277410012 2.04906342352 -2.15878597947 -1.83277410012 2.04906342352 -2.15878597947
1.33380698547 0.0870763532779 1.93784493479 1.33380698547 0.0870763532779 1.93784493479
-4.71081878658 0.38525250476 0.569727870067 -4.71081878658 0.38525250476 0.569727870067
-3.0405067988 -0.214237394243 -2.91265794316 -3.0405067988 -0.214237394243 -2.91265794316
-7.98079332053 0.50625049468 1.24846891163 -7.98079332053 0.50625049468 1.24846891163
-4.69559894656 0.00911993352049 -2.92168895995 -4.69559894656 0.00911993352049 -2.92168895995
3.45040669254 0.597076325685 -0.290042610048 3.45040669254 0.597076325685 -0.290042610048
-5.04945936682 -0.0325411649167 1.49406369544 -5.04945936682 -0.0325411649167 1.49406369544
8.01357201816 -1.32554694693 6.60036860571 8.01357201816 -1.32554694693 6.60036860571
-7.59984527752 -1.4272976377 -0.211834221394 -7.59984527752 -1.4272976377 -0.211834221394
-1.02957870336 -0.737951543349 -5.36703756323 -1.02957870336 -0.737951543349 -5.36703756323
-0.807949022004 -0.533558355716 0.297039373886 -0.807949022004 -0.533558355716 0.297039373886
5.13395219103 -0.0970092168755 -1.28200121621 5.13395219103 -0.0970092168755 -1.28200121621
-0.982361115481 0.0401991341568 -1.92886671673 -0.982361115481 0.0401991341568 -1.92886671673
3.54129289972 -0.0546493881584 -1.36376522448 3.54129289972 -0.0546493881584 -1.36376522448
2.70949335229 0.12010879011 -0.0636673671934 2.70949335229 0.12010879011 -0.0636673671934
0.763317758635 -1.08125863238 -3.20752521003 0.763317758635 -1.08125863238 -3.20752521003
-7.41237194952 -1.12369932394 -9.87204173988 -7.41237194952 -1.12369932394 -9.87204173988
2.06037945545 0.165734162256 -4.7201102195 2.06037945545 0.165734162256 -4.7201102195
4.37090669533 -2.47750949694 -3.10528375268 4.37090669533 -2.47750949694 -3.10528375268
1.56291835465 -0.0687614194597 5.20890804635 1.56291835465 -0.0687614194597 5.20890804635
1.49933243236 1.22362313055 1.67747761988 1.49933243236 1.22362313055 1.67747761988
-1.8196806759 -0.428935501088 -2.02078790011 -1.8196806759 -0.428935501088 -2.02078790011
0.0361272619302 0.862395949971 -7.18783314572 0.0361272619302 0.862395949971 -7.18783314572
-3.31905772841 0.164065890333 -0.394368771822 -3.31905772841 0.164065890333 -0.394368771822
1.88655885385 0.503369400463 -4.31832294862 1.88655885385 0.503369400463 -4.31832294862
3.34800730263 0.391962235813 -0.330722544115 3.34800730263 0.391962235813 -0.330722544115
6.39302310017 -0.713015254891 -3.65647766914 6.39302310017 -0.713015254891 -3.65647766914
5.83978719875 0.470332773538 -1.98042068698 5.83978719875 0.470332773538 -1.98042068698
-4.53200142927 0.628474053056 3.61510929569 -4.53200142927 0.628474053056 3.61510929569
13.532005377 0.232630710898 -5.87182724934 13.532005377 0.232630710898 -5.87182724934
3.11153954248 -1.87438094065 -3.65003364729 3.11153954248 -1.87438094065 -3.65003364729
0.655330239519 0.244400735494 4.19412098154 0.655330239519 0.244400735494 4.19412098154
1.40991260711 0.263401888751 1.29709349706 1.40991260711 0.263401888751 1.29709349706
-9.7073321659 0.020309414687 3.05019159615 -9.7073321659 0.020309414687 3.05019159615
1.92776542477 0.771571113773 -5.40795813669 1.92776542477 0.771571113773 -5.40795813669
-5.11566490725 -0.162605330106 -1.79902381575 -5.11566490725 -0.162605330106 -1.79902381575
-0.697150886447 -0.375950049889 -3.48045978881 -0.697150886447 -0.375950049889 -3.48045978881
1.19434829868 -0.542893088416 1.09668086451 1.19434829868 -0.542893088416 1.09668086451
0.50237117216 0.369618331508 3.86067030956 0.50237117216 0.369618331508 3.86067030956
3.51147002974 0.0949021425792 6.37458688938 3.51147002974 0.0949021425792 6.37458688938
-7.33137192065 0.736485553218 -5.53262960961 -7.33137192065 0.736485553218 -5.53262960961
-8.22534601709 0.0279662759878 1.16627127848 -8.22534601709 0.0279662759878 1.16627127848
-1.26262649162 0.428215702609 4.60312737559 -1.26262649162 0.428215702609 4.60312737559
-4.70525094724 -0.603419881436 5.72751963449 -4.70525094724 -0.603419881436 5.72751963449
-1.25925055414 0.617588599246 -0.481513983843 -1.25925055414 0.617588599246 -0.481513983843
1.41942049907 -1.35921563706 -2.53108088027 1.41942049907 -1.35921563706 -2.53108088027
-6.22425167038 1.96100493958 0.449659566229 -6.22425167038 1.96100493958 0.449659566229
-2.96768160073 0.275092773379 -3.99327349582 -2.96768160073 0.275092773379 -3.99327349582
0.595958568674 0.49286576787 5.08738929237 0.595958568674 0.49286576787 5.08738929237
-1.82319910758 0.083231122639 4.07947214638 -1.82319910758 0.083231122639 4.07947214638
5.1652069055 -1.69282512633 8.32109425593 5.1652069055 -1.69282512633 8.32109425593
-9.36364591855 0.66152418848 -6.53921527936 -9.36364591855 0.66152418848 -6.53921527936
7.69313252113 -0.54693647702 2.25412856056 7.69313252113 -0.54693647702 2.25412856056
1.855774709 0.363725965943 -3.73600854565 1.855774709 0.363725965943 -3.73600854565
-1.2700570461 -0.0286131052499 4.8721502778 -1.2700570461 -0.0286131052499 4.8721502778
5.02042233845 1.05440051781 2.60037591613 5.02042233845 1.05440051781 2.60037591613
4.71306124424 1.46552456912 -2.96981049492 4.71306124424 1.46552456912 -2.96981049492
-2.14834759387 -0.409582219524 1.38127001269 -2.14834759387 -0.409582219524 1.38127001269
