0.0457045799464 0.0457045799464
0.0457045799464 0.137113739839
0.0457045799464 0.228522899732
0.0457045799464 0.319932059625
0.0457045799464 0.411341219518
0.0457045799464 0.502750379411
0.0457045799464 0.594159539304
0.0457045799464 0.685568699197
0.137113739839 0.0457045799464
0.137113739839 0.137113739839
0.137113739839 0.228522899732
0.137113739839 0.319932059625
0.137113739839 0.411341219518
0.137113739839 0.502750379411
0.137113739839 0.594159539304
0.137113739839 0.685568699197
0.228522899732 0.0457045799464
0.228522899732 0.137113739839
0.228522899732 0.228522899732
0.228522899732 0.319932059625
0.228522899732 0.411341219518
0.228522899732 0.502750379411
0.228522899732 0.594159539304
0.228522899732 0.685568699197
0.319932059625 0.0457045799464
0.319932059625 0.137113739839
0.319932059625 0.228522899732
0.319932059625 0.319932059625
0.319932059625 0.411341219518
0.319932059625 0.502750379411
0.319932059625 0.594159539304
0.319932059625 0.685568699197
0.411341219518 0.0457045799464
0.411341219518 0.137113739839
0.411341219518 0.228522899732
0.411341219518 0.319932059625
0.411341219518 0.411341219518
0.411341219518 0.502750379411
0.411341219518 0.594159539304
0.411341219518 0.685568699197
0.502750379411 0.0457045799464
0.502750379411 0.137113739839
0.502750379411 0.228522899732
0.502750379411 0.319932059625
0.502750379411 0.411341219518
0.502750379411 0.502750379411
0.502750379411 0.594159539304
0.502750379411 0.685568699197
0.594159539304 0.0457045799464
0.594159539304 0.137113739839
0.594159539304 0.228522899732
0.594159539304 0.319932059625
0.594159539304 0.411341219518
0.594159539304 0.502750379411
0.594159539304 0.594159539304
0.594159539304 0.685568699197
0.685568699197 0.0457045799464
0.685568699197 0.137113739839
0.685568699197 0.228522899732
0.685568699197 0.319932059625
0.685568699197 0.411341219518
0.685568699197 0.502750379411
0.685568699197 0.594159539304
0.685568699197 0.685568699197
