0.0299206710301 0.0299206710301
0.0299206710301 0.0897620130903
0.0299206710301 0.149603355151
0.0299206710301 0.209444697211
0.0299206710301 0.269286039271
0.0299206710301 0.329127381331
0.0299206710301 0.388968723391
0.0299206710301 0.448810065452
0.0299206710301 0.508651407512
0.0299206710301 0.568492749572
0.0299206710301 0.628334091632
0.0299206710301 0.688175433692
0.0299206710301 0.748016775753
0.0299206710301 0.807858117813
0.0299206710301 0.867699459873
0.0299206710301 0.927540801933
0.0897620130903 0.0299206710301
0.0897620130903 0.0897620130903
0.0897620130903 0.149603355151
0.0897620130903 0.209444697211
0.0897620130903 0.269286039271
0.0897620130903 0.329127381331
0.0897620130903 0.388968723391
0.0897620130903 0.448810065452
0.0897620130903 0.508651407512
0.0897620130903 0.568492749572
0.0897620130903 0.628334091632
0.0897620130903 0.688175433692
0.0897620130903 0.748016775753
0.0897620130903 0.807858117813
0.0897620130903 0.867699459873
0.0897620130903 0.927540801933
0.149603355151 0.0299206710301
0.149603355151 0.0897620130903
0.149603355151 0.149603355151
0.149603355151 0.209444697211
0.149603355151 0.269286039271
0.149603355151 0.329127381331
0.149603355151 0.388968723391
0.149603355151 0.448810065452
0.149603355151 0.508651407512
0.149603355151 0.568492749572
0.149603355151 0.628334091632
0.149603355151 0.688175433692
0.149603355151 0.748016775753
0.149603355151 0.807858117813
0.149603355151 0.867699459873
0.149603355151 0.927540801933
0.209444697211 0.0299206710301
0.209444697211 0.0897620130903
0.209444697211 0.149603355151
0.209444697211 0.209444697211
0.209444697211 0.269286039271
0.209444697211 0.329127381331
0.209444697211 0.388968723391
0.209444697211 0.448810065452
0.209444697211 0.508651407512
0.209444697211 0.568492749572
0.209444697211 0.628334091632
0.209444697211 0.688175433692
0.209444697211 0.748016775753
0.209444697211 0.807858117813
0.209444697211 0.867699459873
0.209444697211 0.927540801933
0.269286039271 0.0299206710301
0.269286039271 0.0897620130903
0.269286039271 0.149603355151
0.269286039271 0.209444697211
0.269286039271 0.269286039271
0.269286039271 0.329127381331
0.269286039271 0.388968723391
0.269286039271 0.448810065452
0.269286039271 0.508651407512
0.269286039271 0.568492749572
0.269286039271 0.628334091632
0.269286039271 0.688175433692
0.269286039271 0.748016775753
0.269286039271 0.807858117813
0.269286039271 0.867699459873
0.269286039271 0.927540801933
0.329127381331 0.0299206710301
0.329127381331 0.0897620130903
0.329127381331 0.149603355151
0.329127381331 0.209444697211
0.329127381331 0.269286039271
0.329127381331 0.329127381331
0.329127381331 0.388968723391
0.329127381331 0.448810065452
0.329127381331 0.508651407512
0.329127381331 0.568492749572
0.329127381331 0.628334091632
0.329127381331 0.688175433692
0.329127381331 0.748016775753
0.329127381331 0.807858117813
0.329127381331 0.867699459873
0.329127381331 0.927540801933
0.388968723391 0.0299206710301
0.388968723391 0.0897620130903
0.388968723391 0.149603355151
0.388968723391 0.209444697211
0.388968723391 0.269286039271
0.388968723391 0.329127381331
0.388968723391 0.388968723391
0.388968723391 0.448810065452
0.388968723391 0.508651407512
0.388968723391 0.568492749572
0.388968723391 0.628334091632
0.388968723391 0.688175433692
0.388968723391 0.748016775753
0.388968723391 0.807858117813
0.388968723391 0.867699459873
0.388968723391 0.927540801933
0.448810065452 0.0299206710301
0.448810065452 0.0897620130903
0.448810065452 0.149603355151
0.448810065452 0.209444697211
0.448810065452 0.269286039271
0.448810065452 0.329127381331
0.448810065452 0.388968723391
0.448810065452 0.448810065452
0.448810065452 0.508651407512
0.448810065452 0.568492749572
0.448810065452 0.628334091632
0.448810065452 0.688175433692
0.448810065452 0.748016775753
0.448810065452 0.807858117813
0.448810065452 0.867699459873
0.448810065452 0.927540801933
0.508651407512 0.0299206710301
0.508651407512 0.0897620130903
0.508651407512 0.149603355151
0.508651407512 0.209444697211
0.508651407512 0.269286039271
0.508651407512 0.329127381331
0.508651407512 0.388968723391
0.508651407512 0.448810065452
0.508651407512 0.508651407512
0.508651407512 0.568492749572
0.508651407512 0.628334091632
0.508651407512 0.688175433692
0.508651407512 0.748016775753
0.508651407512 0.807858117813
0.508651407512 0.867699459873
0.508651407512 0.927540801933
0.568492749572 0.0299206710301
0.568492749572 0.0897620130903
0.568492749572 0.149603355151
0.568492749572 0.209444697211
0.568492749572 0.269286039271
0.568492749572 0.329127381331
0.568492749572 0.388968723391
0.568492749572 0.448810065452
0.568492749572 0.508651407512
0.568492749572 0.568492749572
0.568492749572 0.628334091632
0.568492749572 0.688175433692
0.568492749572 0.748016775753
0.568492749572 0.807858117813
0.568492749572 0.867699459873
0.568492749572 0.927540801933
0.628334091632 0.0299206710301
0.628334091632 0.0897620130903
0.628334091632 0.149603355151
0.628334091632 0.209444697211
0.628334091632 0.269286039271
0.628334091632 0.329127381331
0.628334091632 0.388968723391
0.628334091632 0.448810065452
0.628334091632 0.508651407512
0.628334091632 0.568492749572
0.628334091632 0.628334091632
0.628334091632 0.688175433692
0.628334091632 0.748016775753
0.628334091632 0.807858117813
0.628334091632 0.867699459873
0.628334091632 0.927540801933
0.688175433692 0.0299206710301
0.688175433692 0.0897620130903
0.688175433692 0.149603355151
0.688175433692 0.209444697211
0.688175433692 0.269286039271
0.688175433692 0.329127381331
0.688175433692 0.388968723391
0.688175433692 0.448810065452
0.688175433692 0.508651407512
0.688175433692 0.568492749572
0.688175433692 0.628334091632
0.688175433692 0.688175433692
0.688175433692 0.748016775753
0.688175433692 0.807858117813
0.688175433692 0.867699459873
0.688175433692 0.927540801933
0.748016775753 0.0299206710301
0.748016775753 0.0897620130903
0.748016775753 0.149603355151
0.748016775753 0.209444697211
0.748016775753 0.269286039271
0.748016775753 0.329127381331
0.748016775753 0.388968723391
0.748016775753 0.448810065452
0.748016775753 0.508651407512
0.748016775753 0.568492749572
0.748016775753 0.628334091632
0.748016775753 0.688175433692
0.748016775753 0.748016775753
0.748016775753 0.807858117813
0.748016775753 0.867699459873
0.748016775753 0.927540801933
0.807858117813 0.0299206710301
0.807858117813 0.0897620130903
0.807858117813 0.149603355151
0.807858117813 0.209444697211
0.807858117813 0.269286039271
0.807858117813 0.329127381331
0.807858117813 0.388968723391
0.807858117813 0.448810065452
0.807858117813 0.508651407512
0.807858117813 0.568492749572
0.807858117813 0.628334091632
0.807858117813 0.688175433692
0.807858117813 0.748016775753
0.807858117813 0.807858117813
0.807858117813 0.867699459873
0.807858117813 0.927540801933
0.867699459873 0.0299206710301
0.867699459873 0.0897620130903
0.867699459873 0.149603355151
0.867699459873 0.209444697211
0.867699459873 0.269286039271
0.867699459873 0.329127381331
0.867699459873 0.388968723391
0.867699459873 0.448810065452
0.867699459873 0.508651407512
0.867699459873 0.568492749572
0.867699459873 0.628334091632
0.867699459873 0.688175433692
0.867699459873 0.748016775753
0.867699459873 0.807858117813
0.867699459873 0.867699459873
0.867699459873 0.927540801933
0.927540801933 0.0299206710301
0.927540801933 0.0897620130903
0.927540801933 0.149603355151
0.927540801933 0.209444697211
0.927540801933 0.269286039271
0.927540801933 0.329127381331
0.927540801933 0.388968723391
0.927540801933 0.448810065452
0.927540801933 0.508651407512
0.927540801933 0.568492749572
0.927540801933 0.628334091632
0.927540801933 0.688175433692
0.927540801933 0.748016775753
0.927540801933 0.807858117813
0.927540801933 0.867699459873
0.927540801933 0.927540801933
